-0.000000000000000000e+00 -0.000000000000000000e+00 -0.000000000000000000e+00 -0.000000000000000000e+00 -0.000000000000000000e+00 -0.000000000000000000e+00 1.000000000000000000e+00
-0.000000000000000000e+00 -0.000000000000000000e+00 -0.000000000000000000e+00 -0.000000000000000000e+00 -0.000000000000000000e+00 -0.000000000000000000e+00 1.000000000000000000e+00
1.226712297648191452e-02 1.750461384654045105e-02 2.174916304647922516e-02 -3.298277733847498894e-03 1.306470483541488647e-03 -3.117600455880165100e-03 9.999888539314270020e-01
1.226712297648191452e-02 1.750461384654045105e-02 2.174916304647922516e-02 -3.298277733847498894e-03 1.306470483541488647e-03 -3.117600455880165100e-03 9.999888539314270020e-01
2.432581409811973572e-02 3.079854138195514679e-02 4.200071096420288086e-02 -7.557894568890333176e-03 5.994310602545738220e-03 -6.508353166282176971e-03 9.999323487281799316e-01
2.432581409811973572e-02 3.079854138195514679e-02 4.200071096420288086e-02 -7.557894568890333176e-03 5.994310602545738220e-03 -6.508353166282176971e-03 9.999323487281799316e-01
3.863108530640602112e-02 4.136271402239799500e-02 6.101427227258682251e-02 -1.171026192605495453e-02 1.288881711661815643e-02 -1.115810126066207886e-02 9.997861385345458984e-01
3.863108530640602112e-02 4.136271402239799500e-02 6.101427227258682251e-02 -1.171026192605495453e-02 1.288881711661815643e-02 -1.115810126066207886e-02 9.997861385345458984e-01
5.284584313631057739e-02 5.270945653319358826e-02 7.882954180240631104e-02 -1.574455760419368744e-02 2.130964957177639008e-02 -1.693481393158435822e-02 9.995055198669433594e-01
5.284584313631057739e-02 5.270945653319358826e-02 7.882954180240631104e-02 -1.574455760419368744e-02 2.130964957177639008e-02 -1.693481393158435822e-02 9.995055198669433594e-01
6.247915700078010559e-02 6.351232528686523438e-02 9.674489498138427734e-02 -2.058471366763114929e-02 3.406992927193641663e-02 -2.468188293278217316e-02 9.989025592803955078e-01
6.247915700078010559e-02 6.351232528686523438e-02 9.674489498138427734e-02 -2.058471366763114929e-02 3.406992927193641663e-02 -2.468188293278217316e-02 9.989025592803955078e-01
7.180908322334289551e-02 7.345638424158096313e-02 1.131633147597312927e-01 -2.508671768009662628e-02 4.694903269410133362e-02 -3.287019580602645874e-02 9.980410933494567871e-01
7.180908322334289551e-02 7.345638424158096313e-02 1.131633147597312927e-01 -2.508671768009662628e-02 4.694903269410133362e-02 -3.287019580602645874e-02 9.980410933494567871e-01
7.995005697011947632e-02 8.206686377525329590e-02 1.292907446622848511e-01 -3.013596683740615845e-02 6.107926368713378906e-02 -4.095562919974327087e-02 9.968369007110595703e-01
8.562283217906951904e-02 8.779820799827575684e-02 1.379111856222152710e-01 -3.216163814067840576e-02 6.714618951082229614e-02 -4.462994635105133057e-02 9.962254762649536133e-01
8.808524906635284424e-02 9.259379655122756958e-02 1.449286639690399170e-01 -3.383352607488632202e-02 7.441426813602447510e-02 -4.841410368680953979e-02 9.954767227172851562e-01
9.283213317394256592e-02 9.813332557678222656e-02 1.540525108575820923e-01 -3.573807328939437866e-02 8.056908100843429565e-02 -5.271149426698684692e-02 9.947124719619750977e-01
1.234921291470527649e-01 9.995723515748977661e-02 1.484408378601074219e-01 -3.398243337869644165e-02 6.871341913938522339e-02 -4.582098126411437988e-02 9.960040450096130371e-01
1.284854561090469360e-01 1.051448732614517212e-01 1.564335078001022339e-01 -3.509881347417831421e-02 7.451092451810836792e-02 -4.958612844347953796e-02 9.953680038452148438e-01
1.378186196088790894e-01 1.102819070219993591e-01 1.645116060972213745e-01 -3.563649207353591919e-02 7.805348932743072510e-02 -4.997350275516510010e-02 9.950580000877380371e-01
1.489007323980331421e-01 1.175470277667045593e-01 1.725957840681076050e-01 -3.507969528436660767e-02 8.072479814291000366e-02 -4.794268310070037842e-02 9.949645996093750000e-01
1.665633916854858398e-01 1.219195872545242310e-01 1.759411841630935669e-01 -3.459266945719718933e-02 8.123180270195007324e-02 -4.647723585367202759e-02 9.950098395347595215e-01
1.827265620231628418e-01 1.245741024613380432e-01 1.774443835020065308e-01 -3.423537313938140869e-02 8.288869261741638184e-02 -4.552523046731948853e-02 9.949296116828918457e-01
1.996961981058120728e-01 1.265228390693664551e-01 1.829920858144760132e-01 -3.338450193405151367e-02 8.291647583246231079e-02 -4.399699345231056213e-02 9.950249791145324707e-01
2.165034413337707520e-01 1.259958595037460327e-01 1.873383074998855591e-01 -3.171912580728530884e-02 8.245611190795898438e-02 -4.282053187489509583e-02 9.951689839363098145e-01
2.333351373672485352e-01 1.272058486938476562e-01 1.930305510759353638e-01 -3.026574850082397461e-02 8.060340583324432373e-02 -4.088935256004333496e-02 9.954472184181213379e-01
2.372429519891738892e-01 1.300028562545776367e-01 2.037903666496276855e-01 -2.967282943427562714e-02 8.175025135278701782e-02 -3.891777247190475464e-02 9.954505562782287598e-01
2.532147765159606934e-01 1.323810219764709473e-01 2.098693400621414185e-01 -2.858055755496025085e-02 8.202471584081649780e-02 -3.804953023791313171e-02 9.954935312271118164e-01
2.697105109691619873e-01 1.358187794685363770e-01 2.147500216960906982e-01 -2.786341868340969086e-02 8.232152462005615234e-02 -3.721610829234123230e-02 9.955208897590637207e-01
2.851649522781372070e-01 1.415981948375701904e-01 2.208761125802993774e-01 -2.694719843566417694e-02 8.290695399045944214e-02 -3.706341236829757690e-02 9.955031871795654297e-01
3.010442852973937988e-01 1.443376839160919189e-01 2.265664339065551758e-01 -2.694421634078025818e-02 8.276101201772689819e-02 -3.704882413148880005e-02 9.955159425735473633e-01
3.119973838329315186e-01 1.534101963043212891e-01 2.404874861240386963e-01 -2.657592110335826874e-02 8.282986283302307129e-02 -3.730418905615806580e-02 9.955106377601623535e-01
3.180785775184631348e-01 1.603102385997772217e-01 2.515702247619628906e-01 -2.710839733481407166e-02 8.231320232152938843e-02 -3.814876452088356018e-02 9.955071210861206055e-01
3.190452158451080322e-01 1.698182225227355957e-01 2.639283239841461182e-01 -2.690631896257400513e-02 8.205787837505340576e-02 -3.846615552902221680e-02 9.955214858055114746e-01
3.200291991233825684e-01 1.814931184053421021e-01 2.776776850223541260e-01 -2.706990577280521393e-02 8.161874860525131226e-02 -3.601053729653358459e-02 9.956449866294860840e-01
3.204534053802490234e-01 1.961233466863632202e-01 2.978943586349487305e-01 -2.556760050356388092e-02 7.822434604167938232e-02 -3.494070842862129211e-02 9.959952235221862793e-01
3.215102255344390869e-01 2.066572606563568115e-01 3.098193407058715820e-01 -2.522482536733150482e-02 7.776600122451782227e-02 -3.541931882500648499e-02 9.960229396820068359e-01
3.227663636207580566e-01 2.157145291566848755e-01 3.215076327323913574e-01 -2.561960741877555847e-02 7.703007757663726807e-02 -3.631993383169174194e-02 9.960376024246215820e-01
3.244321346282958984e-01 2.290564626455307007e-01 3.331486582756042480e-01 -2.421211078763008118e-02 7.800671458244323730e-02 -3.589021787047386169e-02 9.960123896598815918e-01
3.264238238334655762e-01 2.381344735622406006e-01 3.433255851268768311e-01 -2.610593475401401520e-02 7.698332518339157104e-02 -3.617103025317192078e-02 9.960340261459350586e-01
3.264393210411071777e-01 2.522626817226409912e-01 3.605083227157592773e-01 -2.602585032582283020e-02 7.605914026498794556e-02 -3.773432224988937378e-02 9.960491061210632324e-01
3.293531835079193115e-01 2.628596425056457520e-01 3.728982508182525635e-01 -2.799740806221961975e-02 7.495060563087463379e-02 -3.828605264425277710e-02 9.960586428642272949e-01
3.320186436176300049e-01 2.751990556716918945e-01 3.826101124286651611e-01 -2.637113444507122040e-02 7.651257514953613281e-02 -3.698968514800071716e-02 9.960332512855529785e-01
3.363946974277496338e-01 2.852127850055694580e-01 3.873807489871978760e-01 -2.564921602606773376e-02 7.784540206193923950e-02 -3.477531298995018005e-02 9.960285425186157227e-01
3.294939100742340088e-01 2.804606854915618896e-01 3.953527212142944336e-01 -3.412526845932006836e-02 8.019584417343139648e-02 -5.285646766424179077e-02 9.947916269302368164e-01
3.313791155815124512e-01 2.894914448261260986e-01 4.052831232547760010e-01 -3.508887067437171936e-02 8.028034865856170654e-02 -5.398954078555107117e-02 9.946904182434082031e-01
3.341293334960937500e-01 2.993586361408233643e-01 4.152385890483856201e-01 -3.521185368299484253e-02 7.995624095201492310e-02 -5.280489474534988403e-02 9.947757720947265625e-01
3.342856168746948242e-01 3.111545145511627197e-01 4.277621209621429443e-01 -3.478648886084556580e-02 8.090609312057495117e-02 -5.241679400205612183e-02 9.947344660758972168e-01
3.363467752933502197e-01 3.204803764820098877e-01 4.378624558448791504e-01 -3.486388549208641052e-02 8.055398613214492798e-02 -5.178141221404075623e-02 9.947936534881591797e-01
3.364310264587402344e-01 3.304645121097564697e-01 4.494594037532806396e-01 -3.509414196014404297e-02 8.089566230773925781e-02 -5.236450582742691040e-02 9.947272539138793945e-01
3.384425938129425049e-01 3.360424637794494629e-01 4.564685523509979248e-01 -3.540646657347679138e-02 8.027315884828567505e-02 -5.279471352696418762e-02 9.947438836097717285e-01
3.387978374958038330e-01 3.446252048015594482e-01 4.677849709987640381e-01 -3.563308343291282654e-02 8.013778179883956909e-02 -5.149731785058975220e-02 9.948146939277648926e-01
3.342365026473999023e-01 3.438975811004638672e-01 4.755331277847290039e-01 -4.303199425339698792e-02 8.569826930761337280e-02 -5.941655859351158142e-02 9.936165213584899902e-01
3.347874283790588379e-01 3.514731824398040771e-01 4.842640161514282227e-01 -4.220030456781387329e-02 8.584892004728317261e-02 -5.856784433126449585e-02 9.936895966529846191e-01
3.347961008548736572e-01 3.587241768836975098e-01 4.939119815826416016e-01 -4.152581095695495605e-02 8.562859147787094116e-02 -5.815748497843742371e-02 9.937611222267150879e-01
3.342153728008270264e-01 3.644270896911621094e-01 5.016511082649230957e-01 -4.076788201928138733e-02 8.620252460241317749e-02 -5.796629190444946289e-02 9.937540292739868164e-01
3.342985510826110840e-01 3.700141310691833496e-01 5.097876191139221191e-01 -3.950465843081474304e-02 8.513592183589935303e-02 -5.735768750309944153e-02 9.939323067665100098e-01
3.344383239746093750e-01 3.765344321727752686e-01 5.172352790832519531e-01 -3.576833009719848633e-02 8.446714282035827637e-02 -5.477958917617797852e-02 9.942762255668640137e-01
3.331986069679260254e-01 3.848688006401062012e-01 5.269037485122680664e-01 -2.904548309743404388e-02 8.357854932546615601e-02 -4.851403459906578064e-02 9.948956966400146484e-01
3.378099203109741211e-01 3.915058076381683350e-01 5.343336462974548340e-01 -2.313397079706192017e-02 7.366278022527694702e-02 -3.738124296069145203e-02 9.963138699531555176e-01
3.389343321323394775e-01 3.923268020153045654e-01 5.339676141738891602e-01 -1.914662122726440430e-02 6.654469668865203857e-02 -2.691290713846683502e-02 9.972366690635681152e-01
3.389756977558135986e-01 3.983173072338104248e-01 5.414978861808776855e-01 -1.650011911988258362e-02 6.059811264276504517e-02 -1.620303839445114136e-02 9.978943467140197754e-01
3.400999903678894043e-01 4.049113690853118896e-01 5.485891103744506836e-01 -1.309960894286632538e-02 5.333105847239494324e-02 -2.803981071338057518e-03 9.984870553016662598e-01
3.391201496124267578e-01 4.101884961128234863e-01 5.553929805755615234e-01 -1.007020659744739532e-02 4.757358506321907043e-02 1.002210844308137894e-02 9.987667202949523926e-01
3.395739495754241943e-01 4.140992760658264160e-01 5.607778429985046387e-01 -8.497532457113265991e-03 4.112874716520309448e-02 2.053713798522949219e-02 9.989066720008850098e-01
3.396222293376922607e-01 4.188535213470458984e-01 5.690354704856872559e-01 -6.799406372010707855e-03 3.340279310941696167e-02 3.351950272917747498e-02 9.988566040992736816e-01
3.409334719181060791e-01 4.236280024051666260e-01 5.748003721237182617e-01 -3.937276545912027359e-03 2.363983355462551117e-02 4.686561599373817444e-02 9.986137151718139648e-01
3.411520719528198242e-01 4.292158186435699463e-01 5.825366377830505371e-01 -6.634398014284670353e-04 1.499184127897024155e-02 5.774084851145744324e-02 9.982188344001770020e-01
3.422705829143524170e-01 4.349962770938873291e-01 5.893040895462036133e-01 1.683179289102554321e-03 6.681501399725675583e-03 6.859362125396728516e-02 9.976209402084350586e-01
3.418215215206146240e-01 4.406480491161346436e-01 5.949460864067077637e-01 2.999484539031982422e-03 1.081197638995945454e-03 8.099176734685897827e-02 9.967096447944641113e-01
3.427048027515411377e-01 4.468454420566558838e-01 6.024852991104125977e-01 5.022715311497449875e-03 -6.830165162682533264e-03 9.235603362321853638e-02 9.956899881362915039e-01
3.430438935756683350e-01 4.534737467765808105e-01 6.102212071418762207e-01 6.907206028699874878e-03 -1.348578929901123047e-02 1.027513369917869568e-01 9.945917129516601562e-01
3.440770804882049561e-01 4.596757888793945312e-01 6.185961961746215820e-01 8.236311376094818115e-03 -2.172498777508735657e-02 1.112616285681724548e-01 9.935195446014404297e-01
3.448270857334136963e-01 4.661140143871307373e-01 6.269333362579345703e-01 9.290883317589759827e-03 -2.881892770528793335e-02 1.186758652329444885e-01 9.924712777137756348e-01
3.456670343875885010e-01 4.724365472793579102e-01 6.349534392356872559e-01 1.059152930974960327e-02 -3.617326170206069946e-02 1.246433407068252563e-01 9.914854764938354492e-01
3.465856015682220459e-01 4.805508852005004883e-01 6.422897577285766602e-01 1.291691139340400696e-02 -4.153069853782653809e-02 1.345505416393280029e-01 9.899518489837646484e-01
3.473788201808929443e-01 4.873126149177551270e-01 6.509565711021423340e-01 1.359941624104976654e-02 -4.644189774990081787e-02 1.382384896278381348e-01 9.892160296440124512e-01
3.480844199657440186e-01 4.945031106472015381e-01 6.593494415283203125e-01 1.473942305892705917e-02 -5.061490833759307861e-02 1.403857618570327759e-01 9.886925220489501953e-01
3.487061262130737305e-01 5.020728707313537598e-01 6.685849428176879883e-01 1.500951778143644333e-02 -5.383695662021636963e-02 1.414251476526260376e-01 9.883700013160705566e-01
3.465045392513275146e-01 5.075886249542236328e-01 6.799132823944091797e-01 4.635805962607264519e-04 -5.922553688287734985e-02 1.406639069318771362e-01 9.882842898368835449e-01
3.475135266780853271e-01 5.154374241828918457e-01 6.886324286460876465e-01 -1.712790504097938538e-02 -6.455667316913604736e-02 1.372462064027786255e-01 9.882826805114746094e-01
3.441309034824371338e-01 5.220528244972229004e-01 6.994699835777282715e-01 -3.711154311895370483e-02 -6.950839608907699585e-02 1.309223026037216187e-01 9.882563948631286621e-01
3.448087573051452637e-01 5.289669036865234375e-01 7.083728909492492676e-01 -5.904361233115196228e-02 -7.496506720781326294e-02 1.234500184655189514e-01 9.877520799636840820e-01
3.454834222793579102e-01 5.365474224090576172e-01 7.189165353775024414e-01 -8.279971778392791748e-02 -8.037941157817840576e-02 1.152046099305152893e-01 9.866160750389099121e-01
3.462383449077606201e-01 5.440140962600708008e-01 7.280370593070983887e-01 -1.083389893174171448e-01 -8.482512831687927246e-02 1.051315888762474060e-01 9.848932623863220215e-01
3.407726287841796875e-01 5.513454079627990723e-01 7.373626828193664551e-01 -1.343154013156890869e-01 -8.830368518829345703e-02 9.587595611810684204e-02 9.823286533355712891e-01
3.394682407379150391e-01 5.581130981445312500e-01 7.472921609878540039e-01 -1.615516543388366699e-01 -9.251262992620468140e-02 8.474043756723403931e-02 9.788572788238525391e-01
3.369492590427398682e-01 5.649361610412597656e-01 7.577250599861145020e-01 -1.892825067043304443e-01 -9.649033844470977783e-02 7.338846474885940552e-02 9.744105935096740723e-01
3.340783119201660156e-01 5.716915726661682129e-01 7.685622572898864746e-01 -2.174047529697418213e-01 -1.000144407153129578e-01 6.202460825443267822e-02 9.689609408378601074e-01
3.326853215694427490e-01 5.750387907028198242e-01 7.766368389129638672e-01 -2.453959882259368896e-01 -1.048943623900413513e-01 5.012630298733711243e-02 9.624268412590026855e-01
3.298678100109100342e-01 5.812799334526062012e-01 7.872036695480346680e-01 -2.725349068641662598e-01 -1.092704162001609802e-01 3.917559981346130371e-02 9.551178216934204102e-01
3.266030550003051758e-01 5.879862308502197266e-01 7.982153296470642090e-01 -2.992004752159118652e-01 -1.140373200178146362e-01 2.897722646594047546e-02 9.469081163406372070e-01
3.243648707866668701e-01 5.939213633537292480e-01 8.086958527565002441e-01 -3.249701559543609619e-01 -1.191711202263832092e-01 1.970931142568588257e-02 9.379788637161254883e-01
3.213254213333129883e-01 5.992039442062377930e-01 8.183699846267700195e-01 -3.495558202266693115e-01 -1.234390586614608765e-01 1.135413814336061478e-02 9.286789298057556152e-01
3.182129859924316406e-01 6.052740216255187988e-01 8.290386199951171875e-01 -3.727356791496276855e-01 -1.287518292665481567e-01 4.120795056223869324e-03 9.189527034759521484e-01
3.152604401111602783e-01 6.117696762084960938e-01 8.399342298507690430e-01 -3.939833641052246094e-01 -1.341533958911895752e-01 -1.139398431405425072e-03 9.092737436294555664e-01
3.115609586238861084e-01 6.185911893844604492e-01 8.519684672355651855e-01 -4.136759638786315918e-01 -1.394664049148559570e-01 -4.479086026549339294e-03 8.996673226356506348e-01
3.082506656646728516e-01 6.248505115509033203e-01 8.628396987915039062e-01 -4.312192201614379883e-01 -1.454089581966400146e-01 -6.126139778643846512e-03 8.904317617416381836e-01
3.046513199806213379e-01 6.311768293380737305e-01 8.736345767974853516e-01 -4.460677206516265869e-01 -1.527217477560043335e-01 -5.931376945227384567e-03 8.818529248237609863e-01
3.015287518501281738e-01 6.372378468513488770e-01 8.852554559707641602e-01 -4.591440856456756592e-01 -1.602344512939453125e-01 -2.667751396074891090e-03 8.737874627113342285e-01
2.978864312171936035e-01 6.435679197311401367e-01 8.964501619338989258e-01 -4.695640504360198975e-01 -1.681331396102905273e-01 2.715918235480785370e-03 8.667373061180114746e-01
2.942445278167724609e-01 6.498439908027648926e-01 9.077906608581542969e-01 -4.777986407279968262e-01 -1.766545027494430542e-01 1.032405160367488861e-02 8.604621887207031250e-01
2.901804447174072266e-01 6.562120914459228516e-01 9.202072024345397949e-01 -4.840824902057647705e-01 -1.858699172735214233e-01 1.949356868863105774e-02 8.548312783241271973e-01
2.858716249465942383e-01 6.624310612678527832e-01 9.319975376129150391e-01 -4.883749186992645264e-01 -1.950869411230087280e-01 3.090623207390308380e-02 8.499857783317565918e-01
2.817662954330444336e-01 6.686275601387023926e-01 9.442486763000488281e-01 -4.906520247459411621e-01 -2.048913985490798950e-01 4.392086714506149292e-02 8.457843661308288574e-01
2.765778005123138428e-01 6.747586727142333984e-01 9.561650753021240234e-01 -4.905947148799896240e-01 -2.148030549287796021e-01 5.777623876929283142e-02 8.425190448760986328e-01
2.712643742561340332e-01 6.811735630035400391e-01 9.682942628860473633e-01 -4.888065755367279053e-01 -2.250113785266876221e-01 7.359398901462554932e-02 8.396558761596679688e-01
2.654759883880615234e-01 6.870524883270263672e-01 9.802053570747375488e-01 -4.855154454708099365e-01 -2.353104054927825928e-01 9.059819579124450684e-02 8.370757699012756348e-01
2.584624886512756348e-01 6.925137639045715332e-01 9.928161501884460449e-01 -4.806835055351257324e-01 -2.461739480495452881e-01 1.082289218902587891e-01 8.346426486968994141e-01
2.507970333099365234e-01 6.978619098663330078e-01 1.004644632339477539e+00 -4.742057025432586670e-01 -2.566207647323608398e-01 1.270250678062438965e-01 8.325499892234802246e-01
2.421511709690093994e-01 7.026109695434570312e-01 1.016302347183227539e+00 -4.661205112934112549e-01 -2.673546373844146729e-01 1.463478952646255493e-01 8.305634260177612305e-01
2.323203980922698975e-01 7.072401642799377441e-01 1.027161240577697754e+00 -4.561835825443267822e-01 -2.784900367259979248e-01 1.664097309112548828e-01 8.286420702934265137e-01
2.211179435253143311e-01 7.113761305809020996e-01 1.036995291709899902e+00 -4.449581503868103027e-01 -2.890723347663879395e-01 1.869233250617980957e-01 8.267461657524108887e-01
2.099257707595825195e-01 7.173438072204589844e-01 1.045944690704345703e+00 -4.319820702075958252e-01 -2.999007701873779297e-01 2.076534032821655273e-01 8.248218894004821777e-01
2.000032663345336914e-01 7.254689931869506836e-01 1.055224657058715820e+00 -4.182352423667907715e-01 -3.103208839893341064e-01 2.277909815311431885e-01 8.227342367172241211e-01
1.898245215415954590e-01 7.307239770889282227e-01 1.065638303756713867e+00 -4.036485552787780762e-01 -3.205294013023376465e-01 2.479862421751022339e-01 8.202631473541259766e-01
1.798854470252990723e-01 7.346403002738952637e-01 1.075556516647338867e+00 -3.881601393222808838e-01 -3.304284214973449707e-01 2.681126892566680908e-01 8.174743652343750000e-01
1.694765686988830566e-01 7.384442090988159180e-01 1.084653377532958984e+00 -3.713515400886535645e-01 -3.399118483066558838e-01 2.876689136028289795e-01 8.147420883178710938e-01
1.591811776161193848e-01 7.422260046005249023e-01 1.093295097351074219e+00 -3.539206087589263916e-01 -3.491353690624237061e-01 3.064462244510650635e-01 8.117484450340270996e-01
1.486848592758178711e-01 7.456450462341308594e-01 1.101363658905029297e+00 -3.353539407253265381e-01 -3.576401174068450928e-01 3.241661787033081055e-01 8.090412020683288574e-01
1.389189958572387695e-01 7.491055727005004883e-01 1.109497547149658203e+00 -3.167839050292968750e-01 -3.661822676658630371e-01 3.413701951503753662e-01 8.056208491325378418e-01
1.293357014656066895e-01 7.522166967391967773e-01 1.117153286933898926e+00 -2.979757785797119141e-01 -3.742302358150482178e-01 3.577449321746826172e-01 8.019855022430419922e-01
1.199399828910827637e-01 7.557160258293151855e-01 1.123921275138854980e+00 -2.779185473918914795e-01 -3.818199336528778076e-01 3.732499778270721436e-01 7.985357642173767090e-01
1.101884245872497559e-01 7.594602108001708984e-01 1.130649805068969727e+00 -2.572044134140014648e-01 -3.897207677364349365e-01 3.860693871974945068e-01 7.955589890480041504e-01
1.013282537460327148e-01 7.622226476669311523e-01 1.136854052543640137e+00 -2.360936105251312256e-01 -3.971452713012695312e-01 3.973190188407897949e-01 7.928890585899353027e-01
9.277212619781494141e-02 7.650898098945617676e-01 1.142616152763366699e+00 -2.149634212255477905e-01 -4.041340947151184082e-01 4.083282649517059326e-01 7.897685766220092773e-01
8.459740877151489258e-02 7.677738070487976074e-01 1.148614525794982910e+00 -1.946626007556915283e-01 -4.105248153209686279e-01 4.196439385414123535e-01 7.857957482337951660e-01
7.589948177337646484e-02 7.714042663574218750e-01 1.154094696044921875e+00 -1.741153299808502197e-01 -4.161633849143981934e-01 4.310629069805145264e-01 7.814580798149108887e-01
6.853640079498291016e-02 7.736883163452148438e-01 1.159222126007080078e+00 -1.546293199062347412e-01 -4.213224649429321289e-01 4.417984187602996826e-01 7.767826914787292480e-01
6.081628799438476562e-02 7.761949896812438965e-01 1.163686990737915039e+00 -1.356023550033569336e-01 -4.261655807495117188e-01 4.525532126426696777e-01 7.714859843254089355e-01
5.348753929138183594e-02 7.776970863342285156e-01 1.166510581970214844e+00 -1.175653412938117981e-01 -4.307403564453125000e-01 4.626822769641876221e-01 7.658761739730834961e-01
4.571628570556640625e-02 7.789605259895324707e-01 1.169243931770324707e+00 -1.001391559839248657e-01 -4.345933496952056885e-01 4.725418686866760254e-01 7.601348161697387695e-01
3.834617137908935547e-02 7.809870243072509766e-01 1.172066450119018555e+00 -8.346622437238693237e-02 -4.384295046329498291e-01 4.828843772411346436e-01 7.534160614013671875e-01
3.122997283935546875e-02 7.821549773216247559e-01 1.174584031105041504e+00 -6.721563637256622314e-02 -4.420038461685180664e-01 4.923000335693359375e-01 7.468301653861999512e-01
2.483201026916503906e-02 7.836867570877075195e-01 1.176675438880920410e+00 -5.170801281929016113e-02 -4.457532167434692383e-01 5.014710426330566406e-01 7.397007346153259277e-01
1.939177513122558594e-02 7.850933670997619629e-01 1.178776144981384277e+00 -3.608553856611251831e-02 -4.495937526226043701e-01 5.084433555603027344e-01 7.335180640220642090e-01
1.312577724456787109e-02 7.871894240379333496e-01 1.181175470352172852e+00 -2.086545713245868683e-02 -4.531712234020233154e-01 5.149116516113281250e-01 7.273696064949035645e-01
9.340524673461914062e-03 7.883331179618835449e-01 1.184226632118225098e+00 -7.342076394706964493e-03 -4.572754502296447754e-01 5.208103656768798828e-01 7.208341360092163086e-01
4.093170166015625000e-03 7.885433435440063477e-01 1.184421062469482422e+00 5.537559743970632553e-03 -4.597476720809936523e-01 5.260182619094848633e-01 7.154762744903564453e-01
-6.803274154663085938e-04 7.900380492210388184e-01 1.186481714248657227e+00 7.178704719990491867e-03 -4.663425385951995850e-01 5.261499881744384766e-01 7.110832333564758301e-01
-5.093455314636230469e-03 7.910055518150329590e-01 1.188268184661865234e+00 8.389024063944816589e-03 -4.728389382362365723e-01 5.261763930320739746e-01 7.067470550537109375e-01
-9.497046470642089844e-03 7.918605208396911621e-01 1.190208792686462402e+00 9.885768406093120575e-03 -4.790789186954498291e-01 5.256658792495727539e-01 7.028948068618774414e-01
-1.328563690185546875e-02 7.929351329803466797e-01 1.191374182701110840e+00 1.122334506362676620e-02 -4.846965372562408447e-01 5.261957049369812012e-01 6.986138820648193359e-01
-1.550722122192382812e-02 7.954090833663940430e-01 1.192088007926940918e+00 1.296919304877519608e-02 -4.895446300506591797e-01 5.269906520843505859e-01 6.945925354957580566e-01
-1.799166202545166016e-02 7.957398295402526855e-01 1.193490862846374512e+00 1.366492919623851776e-02 -4.941749274730682373e-01 5.271174311637878418e-01 6.911958456039428711e-01
-1.974070072174072266e-02 7.960825562477111816e-01 1.194754719734191895e+00 1.444516517221927643e-02 -4.984795749187469482e-01 5.272163748741149902e-01 6.880061030387878418e-01
-2.155327796936035156e-02 7.960634231567382812e-01 1.196423768997192383e+00 1.478088553994894028e-02 -5.023316740989685059e-01 5.275300145149230957e-01 6.849500536918640137e-01
-2.293562889099121094e-02 7.962564826011657715e-01 1.197113871574401855e+00 1.504984591156244278e-02 -5.049641728401184082e-01 5.282402634620666504e-01 6.824566125869750977e-01
-2.465867996215820312e-02 7.963398098945617676e-01 1.198106884956359863e+00 1.528469752520322800e-02 -5.072248578071594238e-01 5.284684300422668457e-01 6.805956363677978516e-01
-2.623665332794189453e-02 7.967573404312133789e-01 1.199127674102783203e+00 1.574857346713542938e-02 -5.087746381759643555e-01 5.288968682289123535e-01 6.790938973426818848e-01
-2.768385410308837891e-02 7.968022823333740234e-01 1.199307441711425781e+00 1.582097448408603668e-02 -5.090357661247253418e-01 5.293785929679870605e-01 6.785208582878112793e-01
-2.805221080780029297e-02 7.972010374069213867e-01 1.200506925582885742e+00 1.516633853316307068e-02 -5.094202756881713867e-01 5.299007296562194824e-01 6.778393387794494629e-01
-2.887284755706787109e-02 7.966588735580444336e-01 1.200858235359191895e+00 1.455445308238267899e-02 -5.082446932792663574e-01 5.302103161811828613e-01 6.784928441047668457e-01
-2.879190444946289062e-02 7.976132035255432129e-01 1.200571775436401367e+00 1.412291359156370163e-02 -5.061596035957336426e-01 5.309594273567199707e-01 6.794741153717041016e-01
-2.964818477630615234e-02 7.978949546813964844e-01 1.201285004615783691e+00 1.360125746577978134e-02 -5.033609271049499512e-01 5.313345193862915039e-01 6.812683343887329102e-01
-2.942931652069091797e-02 7.984892725944519043e-01 1.201675653457641602e+00 1.283946074545383453e-02 -5.001220107078552246e-01 5.314161777496337891e-01 6.836008429527282715e-01
-3.032207489013671875e-02 7.978543639183044434e-01 1.201318144798278809e+00 1.170662138611078262e-02 -4.948046803474426270e-01 5.312007665634155273e-01 6.876460909843444824e-01
-3.090918064117431641e-02 7.984137535095214844e-01 1.202509760856628418e+00 1.097919326275587082e-02 -4.893630743026733398e-01 5.307800769805908203e-01 6.918640136718750000e-01
-3.113722801208496094e-02 7.986332774162292480e-01 1.204158544540405273e+00 9.750721044838428497e-03 -4.831634461879730225e-01 5.296784639358520508e-01 6.970643997192382812e-01
-3.214550018310546875e-02 7.994075417518615723e-01 1.204322338104248047e+00 -4.033595323562622070e-03 -4.798179566860198975e-01 5.216218233108520508e-01 7.054567337036132812e-01
-3.468656539916992188e-02 7.990062236785888672e-01 1.205224990844726562e+00 -1.940594613552093506e-02 -4.754269421100616455e-01 5.114969611167907715e-01 7.155162692070007324e-01
-3.552627563476562500e-02 7.986023426055908203e-01 1.207050442695617676e+00 -3.696696832776069641e-02 -4.711107313632965088e-01 5.000204443931579590e-01 7.257187366485595703e-01
-3.712320327758789062e-02 7.993577718734741211e-01 1.208492279052734375e+00 -5.433718115091323853e-02 -4.659403264522552490e-01 4.876703619956970215e-01 7.362912893295288086e-01
-3.966116905212402344e-02 7.998460531234741211e-01 1.210662484169006348e+00 -7.341606169939041138e-02 -4.598330855369567871e-01 4.743687808513641357e-01 7.470862865447998047e-01
-4.220068454742431641e-02 7.993908524513244629e-01 1.212497472763061523e+00 -9.275878220796585083e-02 -4.530269503593444824e-01 4.594048857688903809e-01 7.583598494529724121e-01
-4.443085193634033203e-02 7.992259860038757324e-01 1.214433431625366211e+00 -1.126623526215553284e-01 -4.456108212471008301e-01 4.436241686344146729e-01 7.693736553192138672e-01
-4.783892631530761719e-02 7.987380027770996094e-01 1.216115474700927734e+00 -1.327438950538635254e-01 -4.372695386409759521e-01 4.270868003368377686e-01 7.802380323410034180e-01
-5.043798685073852539e-02 7.987543940544128418e-01 1.219123482704162598e+00 -1.533272862434387207e-01 -4.292501211166381836e-01 4.099198281764984131e-01 7.900638580322265625e-01
-5.314952135086059570e-02 7.987663149833679199e-01 1.221656203269958496e+00 -1.734423339366912842e-01 -4.205747246742248535e-01 3.922754228115081787e-01 7.994715571403503418e-01
-5.558788776397705078e-02 7.986538410186767578e-01 1.224022150039672852e+00 -1.934514939785003662e-01 -4.114751219749450684e-01 3.742354214191436768e-01 8.082157373428344727e-01
-5.853456258773803711e-02 7.983288764953613281e-01 1.225712060928344727e+00 -2.129971385002136230e-01 -4.017208516597747803e-01 3.558560907840728760e-01 8.164674043655395508e-01
-6.043833494186401367e-02 7.979687452316284180e-01 1.227612137794494629e+00 -2.324597388505935669e-01 -3.924995958805084229e-01 3.372867703437805176e-01 8.234951496124267578e-01
-6.284606456756591797e-02 7.976157665252685547e-01 1.229343771934509277e+00 -2.511963546276092529e-01 -3.829981088638305664e-01 3.186678290367126465e-01 8.298576474189758301e-01
-6.479305028915405273e-02 7.973393797874450684e-01 1.230646967887878418e+00 -2.687048912048339844e-01 -3.738889396190643311e-01 3.002839982509613037e-01 8.353648185729980469e-01
-6.669348478317260742e-02 7.973500490188598633e-01 1.231821298599243164e+00 -2.854330539703369141e-01 -3.648029863834381104e-01 2.825750708580017090e-01 8.399989008903503418e-01
-6.791228055953979492e-02 7.970291972160339355e-01 1.232792377471923828e+00 -3.012198805809020996e-01 -3.563715517520904541e-01 2.653364241123199463e-01 8.437194824218750000e-01
-6.871014833450317383e-02 7.969490885734558105e-01 1.233296036720275879e+00 -3.158636689186096191e-01 -3.481332063674926758e-01 2.488681674003601074e-01 8.468164801597595215e-01
-6.949985027313232422e-02 7.967899441719055176e-01 1.233820676803588867e+00 -3.290413916110992432e-01 -3.409531712532043457e-01 2.334710508584976196e-01 8.491019010543823242e-01
-7.015365362167358398e-02 7.969399094581604004e-01 1.234157800674438477e+00 -3.405796587467193604e-01 -3.347427248954772949e-01 2.192687690258026123e-01 8.508079051971435547e-01
-7.046213746070861816e-02 7.970337867736816406e-01 1.234342575073242188e+00 -3.508670330047607422e-01 -3.294837474822998047e-01 2.066868841648101807e-01 8.518294692039489746e-01
-7.076951861381530762e-02 7.970501184463500977e-01 1.234493494033813477e+00 -3.598144054412841797e-01 -3.251019716262817383e-01 1.952916532754898071e-01 8.524690270423889160e-01
-7.116886973381042480e-02 7.971248626708984375e-01 1.234812736511230469e+00 -3.674148917198181152e-01 -3.218863606452941895e-01 1.850894093513488770e-01 8.527235984802246094e-01
-7.168707251548767090e-02 7.970632314682006836e-01 1.235095858573913574e+00 -3.738897442817687988e-01 -3.191222846508026123e-01 1.758809983730316162e-01 8.528970479965209961e-01
-7.240244746208190918e-02 7.971501350402832031e-01 1.235463976860046387e+00 -3.792746365070343018e-01 -3.169039785861968994e-01 1.679895967245101929e-01 8.529373407363891602e-01
-7.328373193740844727e-02 7.972919940948486328e-01 1.235925674438476562e+00 -3.837962150573730469e-01 -3.151804208755493164e-01 1.610794067382812500e-01 8.528864979743957520e-01
-7.403641939163208008e-02 7.970227003097534180e-01 1.236472606658935547e+00 -3.876525461673736572e-01 -3.139047920703887939e-01 1.543659716844558716e-01 8.528543114662170410e-01
-7.500946521759033203e-02 7.969849705696105957e-01 1.237001895904541016e+00 -3.908523023128509521e-01 -3.126085400581359863e-01 1.489821374416351318e-01 8.528274893760681152e-01
-7.607400417327880859e-02 7.968028783798217773e-01 1.237616777420043945e+00 -3.936158120632171631e-01 -3.110703527927398682e-01 1.438418179750442505e-01 8.530014753341674805e-01
-7.731768488883972168e-02 7.964361906051635742e-01 1.238216876983642578e+00 -3.958837985992431641e-01 -3.095450997352600098e-01 1.388419717550277710e-01 8.533351421356201172e-01
-7.847815752029418945e-02 7.961652278900146484e-01 1.238914489746093750e+00 -3.978309333324432373e-01 -3.077735006809234619e-01 1.347699761390686035e-01 8.537231087684631348e-01
-7.998374104499816895e-02 7.959372401237487793e-01 1.239678502082824707e+00 -3.994767665863037109e-01 -3.053104877471923828e-01 1.310274749994277954e-01 8.544212579727172852e-01
-8.144113421440124512e-02 7.955816984176635742e-01 1.240490913391113281e+00 -4.011591374874114990e-01 -3.022904992103576660e-01 1.273358613252639771e-01 8.552645444869995117e-01
-8.307367563247680664e-02 7.951248884201049805e-01 1.241386055946350098e+00 -4.029338955879211426e-01 -2.986448705196380615e-01 1.235624253749847412e-01 8.562639355659484863e-01
-8.489269018173217773e-02 7.947691679000854492e-01 1.242329716682434082e+00 -4.046776294708251953e-01 -2.941774725914001465e-01 1.197911277413368225e-01 8.575230836868286133e-01
-8.677908778190612793e-02 7.944055795669555664e-01 1.243227958679199219e+00 -4.065497815608978271e-01 -2.883029580116271973e-01 1.160324066877365112e-01 8.591479659080505371e-01
-8.872500061988830566e-02 7.937967777252197266e-01 1.244233369827270508e+00 -4.088504910469055176e-01 -2.812446951866149902e-01 1.116362065076828003e-01 8.609762787818908691e-01
-9.111797809600830078e-02 7.933413982391357422e-01 1.245154619216918945e+00 -4.111729264259338379e-01 -2.726263403892517090e-01 1.068918704986572266e-01 8.632414937019348145e-01
-9.333060681819915771e-02 7.925692796707153320e-01 1.246396660804748535e+00 -4.144474565982818604e-01 -2.625274062156677246e-01 1.019118502736091614e-01 8.654054403305053711e-01
-9.576490521430969238e-02 7.921434640884399414e-01 1.247405409812927246e+00 -4.177997410297393799e-01 -2.505488395690917969e-01 9.620419144630432129e-02 8.679939508438110352e-01
-9.824995696544647217e-02 7.913637161254882812e-01 1.248455643653869629e+00 -4.218160808086395264e-01 -2.365768849849700928e-01 8.970496803522109985e-02 8.706639409065246582e-01
-1.008993238210678101e-01 7.904791235923767090e-01 1.249622702598571777e+00 -4.266659021377563477e-01 -2.209030687808990479e-01 8.232949674129486084e-02 8.731437325477600098e-01
-1.037419885396957397e-01 7.896665334701538086e-01 1.250723004341125488e+00 -4.314774274826049805e-01 -2.038098722696304321e-01 7.450745999813079834e-02 8.756354451179504395e-01
-1.066528707742691040e-01 7.888758778572082520e-01 1.251832962036132812e+00 -4.361554980278015137e-01 -1.855378895998001099e-01 6.635805964469909668e-02 8.780323266983032227e-01
-1.097375825047492981e-01 7.878363728523254395e-01 1.252873182296752930e+00 -4.409791529178619385e-01 -1.659468710422515869e-01 5.779346078634262085e-02 8.801471590995788574e-01
-1.129666045308113098e-01 7.867872118949890137e-01 1.253928661346435547e+00 -4.458240270614624023e-01 -1.455033719539642334e-01 4.895558208227157593e-02 8.818577527999877930e-01
-1.162120774388313293e-01 7.858274579048156738e-01 1.254950761795043945e+00 -4.505583643913269043e-01 -1.244910061359405518e-01 4.016306251287460327e-02 8.831115961074829102e-01
-1.196780055761337280e-01 7.847135066986083984e-01 1.255999088287353516e+00 -4.548236131668090820e-01 -1.032214686274528503e-01 3.128238022327423096e-02 8.840262293815612793e-01
-1.231929361820220947e-01 7.835989594459533691e-01 1.256899595260620117e+00 -4.584818184375762939e-01 -8.207540959119796753e-02 2.271790429949760437e-02 8.846140503883361816e-01
-1.266410797834396362e-01 7.822840213775634766e-01 1.257903575897216797e+00 -4.619113206863403320e-01 -6.117970868945121765e-02 1.465278211981058121e-02 8.846922516822814941e-01
-1.304418146610260010e-01 7.809823155403137207e-01 1.258851528167724609e+00 -4.647676050662994385e-01 -4.053993150591850281e-02 6.613416131585836411e-03 8.844794631004333496e-01
-1.345800161361694336e-01 7.800636291503906250e-01 1.259678602218627930e+00 -4.666306376457214355e-01 -2.060014009475708008e-02 -1.443932764232158661e-03 8.842111825942993164e-01
-1.384119987487792969e-01 7.785519361495971680e-01 1.260531663894653320e+00 -4.682648777961730957e-01 -1.967860152944922447e-03 -7.874039933085441589e-03 8.835508823394775391e-01
-1.424736380577087402e-01 7.772291898727416992e-01 1.261270880699157715e+00 -4.689505398273468018e-01 1.546381134539842606e-02 -1.379872113466262817e-02 8.829813003540039062e-01
-1.465621739625930786e-01 7.758027315139770508e-01 1.262021064758300781e+00 -4.688900709152221680e-01 3.183013573288917542e-02 -1.788502186536788940e-02 8.825016021728515625e-01
-1.508554816246032715e-01 7.744621038436889648e-01 1.262723684310913086e+00 -4.679303765296936035e-01 4.683748260140419006e-02 -2.022909000515937805e-02 8.822914958000183105e-01
-1.553619205951690674e-01 7.728927135467529297e-01 1.263399839401245117e+00 -4.662792384624481201e-01 5.951378494501113892e-02 -2.234293706715106964e-02 8.823506236076354980e-01
-1.598816812038421631e-01 7.713426351547241211e-01 1.263979911804199219e+00 -4.639513194561004639e-01 6.915688514709472656e-02 -2.418920584022998810e-02 8.828257918357849121e-01
-1.645261347293853760e-01 7.696764469146728516e-01 1.264640927314758301e+00 -4.610959589481353760e-01 7.591143250465393066e-02 -2.538145147264003754e-02 8.837328553199768066e-01
-1.692774444818496704e-01 7.680289149284362793e-01 1.265159964561462402e+00 -4.574622809886932373e-01 7.879786938428878784e-02 -2.692174538969993591e-02 8.853216767311096191e-01
-1.737747192382812500e-01 7.662725448608398438e-01 1.265835046768188477e+00 -4.529511630535125732e-01 7.991942018270492554e-02 -2.369648963212966919e-02 8.876298069953918457e-01
-1.791964173316955566e-01 7.644837498664855957e-01 1.266416788101196289e+00 -4.473975896835327148e-01 7.888801395893096924e-02 -1.929632946848869324e-02 8.906400799751281738e-01
-1.844592988491058350e-01 7.627676725387573242e-01 1.267066478729248047e+00 -4.410396218299865723e-01 7.481376081705093384e-02 -1.376015134155750275e-02 8.942581415176391602e-01
-1.898803710937500000e-01 7.615344524383544922e-01 1.268054008483886719e+00 -4.337691068649291992e-01 6.902156025171279907e-02 -6.514023523777723312e-03 8.983529210090637207e-01
-1.952100247144699097e-01 7.595281600952148438e-01 1.268766641616821289e+00 -4.257489740848541260e-01 6.058991700410842896e-02 2.234969288110733032e-03 9.028077125549316406e-01
-2.005927562713623047e-01 7.572948932647705078e-01 1.269622445106506348e+00 -4.170277118682861328e-01 5.024964734911918640e-02 1.197104435414075851e-02 9.074247479438781738e-01
-2.064135521650314331e-01 7.552365064620971680e-01 1.270572543144226074e+00 -4.074577093124389648e-01 3.849018737673759460e-02 2.243031188845634460e-02 9.121368527412414551e-01
-2.120083719491958618e-01 7.532635927200317383e-01 1.271839022636413574e+00 -3.971939682960510254e-01 2.527057193219661713e-02 3.466853126883506775e-02 9.167313575744628906e-01
-2.180328071117401123e-01 7.513267993927001953e-01 1.273138761520385742e+00 -3.859012126922607422e-01 1.099446509033441544e-02 4.729096964001655579e-02 9.212616682052612305e-01
-2.235764414072036743e-01 7.485705614089965820e-01 1.274623394012451172e+00 -3.744098246097564697e-01 -4.691763315349817276e-03 6.114927306771278381e-02 9.252330064773559570e-01
-2.295925915241241455e-01 7.465759515762329102e-01 1.276109576225280762e+00 -3.614708185195922852e-01 -2.035934478044509888e-02 7.537295669317245483e-02 9.291088581085205078e-01
-2.356448769569396973e-01 7.439926266670227051e-01 1.278007864952087402e+00 -3.483374714851379395e-01 -3.667407110333442688e-02 9.042239934206008911e-02 9.322767257690429688e-01
-2.420008778572082520e-01 7.412386536598205566e-01 1.279900312423706055e+00 -3.345172405242919922e-01 -5.322705209255218506e-02 1.056516095995903015e-01 9.349346756935119629e-01
-2.481536269187927246e-01 7.386443614959716797e-01 1.282249093055725098e+00 -3.199725747108459473e-01 -6.994777172803878784e-02 1.212749108672142029e-01 9.370257854461669922e-01
-2.542786896228790283e-01 7.357227206230163574e-01 1.284467935562133789e+00 -3.050057291984558105e-01 -8.587034791707992554e-02 1.375753432512283325e-01 9.384406805038452148e-01
-2.609711885452270508e-01 7.332544922828674316e-01 1.286843299865722656e+00 -2.890486717224121094e-01 -1.014047116041183472e-01 1.538975834846496582e-01 9.394059777259826660e-01
-2.670862674713134766e-01 7.291848063468933105e-01 1.289950609207153320e+00 -2.742217481136322021e-01 -1.164230331778526306e-01 1.702480763196945190e-01 9.392889738082885742e-01
-2.739765644073486328e-01 7.264255285263061523e-01 1.292923450469970703e+00 -2.579861879348754883e-01 -1.300917863845825195e-01 1.866544634103775024e-01 9.389778375625610352e-01
-2.796713411808013916e-01 7.236374020576477051e-01 1.295704483985900879e+00 -2.417706251144409180e-01 -1.427744477987289429e-01 2.032415419816970825e-01 9.380060434341430664e-01
-2.854376733303070068e-01 7.208836674690246582e-01 1.298308491706848145e+00 -2.257717698812484741e-01 -1.536639183759689331e-01 2.197822034358978271e-01 9.365417361259460449e-01
-2.896582484245300293e-01 7.176533937454223633e-01 1.300817966461181641e+00 -2.099653631448745728e-01 -1.636136919260025024e-01 2.357508391141891479e-01 9.346478581428527832e-01
-2.943837642669677734e-01 7.152407765388488770e-01 1.303135037422180176e+00 -1.941394954919815063e-01 -1.713272184133529663e-01 2.514117658138275146e-01 9.326033592224121094e-01
-2.987305223941802979e-01 7.132109999656677246e-01 1.305014729499816895e+00 -1.780962049961090088e-01 -1.774078607559204102e-01 2.671645283699035645e-01 9.302856922149658203e-01
-3.018849790096282959e-01 7.110646963119506836e-01 1.306674838066101074e+00 -1.627646386623382568e-01 -1.825145184993743896e-01 2.826555669307708740e-01 9.275246262550354004e-01
-3.046674132347106934e-01 7.095539569854736328e-01 1.308328390121459961e+00 -1.474918276071548462e-01 -1.867357045412063599e-01 2.973400950431823730e-01 9.246430993080139160e-01
-3.071015477180480957e-01 7.082781791687011719e-01 1.309987306594848633e+00 -1.329281181097030640e-01 -1.897903382778167725e-01 3.116521537303924561e-01 9.215111136436462402e-01
-3.085925877094268799e-01 7.076418399810791016e-01 1.310831546783447266e+00 -1.183819100260734558e-01 -1.919973939657211304e-01 3.254573345184326172e-01 9.182594418525695801e-01
-3.106722831726074219e-01 7.065888643264770508e-01 1.311687588691711426e+00 -1.045101210474967957e-01 -1.926891058683395386e-01 3.384813964366912842e-01 9.150841832160949707e-01
-3.118127882480621338e-01 7.060117125511169434e-01 1.312023997306823730e+00 -9.094204753637313843e-02 -1.929177939891815186e-01 3.510491847991943359e-01 9.117438793182373047e-01
-3.126876056194305420e-01 7.051721811294555664e-01 1.312968134880065918e+00 -7.860619574785232544e-02 -1.926961541175842285e-01 3.621284067630767822e-01 9.085990786552429199e-01
-3.131483495235443115e-01 7.044428586959838867e-01 1.313481807708740234e+00 -6.707991659641265869e-02 -1.917033493518829346e-01 3.730162680149078369e-01 9.053226113319396973e-01
-3.130989372730255127e-01 7.044358253479003906e-01 1.312723636627197266e+00 -5.542581900954246521e-02 -1.901291310787200928e-01 3.836306929588317871e-01 9.020013213157653809e-01
-3.140787184238433838e-01 7.039920687675476074e-01 1.312890291213989258e+00 -4.486296698451042175e-02 -1.884349882602691650e-01 3.925616443157196045e-01 8.990967273712158203e-01
-3.156091570854187012e-01 7.030787467956542969e-01 1.312763452529907227e+00 -3.539440408349037170e-02 -1.860451400279998779e-01 4.004846811294555664e-01 8.965190649032592773e-01
-3.168177604675292969e-01 7.028830051422119141e-01 1.313902854919433594e+00 -2.652323246002197266e-02 -1.842877864837646484e-01 4.078010618686676025e-01 8.938863873481750488e-01
-3.170703053474426270e-01 7.020655870437622070e-01 1.315989136695861816e+00 -1.937962882220745087e-02 -1.832710206508636475e-01 4.140814840793609619e-01 8.913880586624145508e-01
-3.171623051166534424e-01 7.015252113342285156e-01 1.317252993583679199e+00 -1.318888459354639053e-02 -1.825217306613922119e-01 4.194923043251037598e-01 8.891221880912780762e-01
-3.218747079372406006e-01 6.987891793251037598e-01 1.319445610046386719e+00 -8.064094930887222290e-03 -1.807382404804229736e-01 4.233022630214691162e-01 8.877409100532531738e-01
-3.244587182998657227e-01 6.977024078369140625e-01 1.320738792419433594e+00 -3.906389232724905014e-03 -1.796015352010726929e-01 4.264520704746246338e-01 8.864912390708923340e-01
-3.267474472522735596e-01 6.950070261955261230e-01 1.322842240333557129e+00 -1.390334800817072392e-03 -1.793863326311111450e-01 4.275608956813812256e-01 8.860080838203430176e-01
-3.306806981563568115e-01 6.921721696853637695e-01 1.324682474136352539e+00 -1.841761870309710503e-03 -1.794615387916564941e-01 4.276175200939178467e-01 8.859647512435913086e-01
-3.335829973220825195e-01 6.889666318893432617e-01 1.326272010803222656e+00 -2.434291876852512360e-03 -1.800255626440048218e-01 4.263222515583038330e-01 8.864730000495910645e-01
-3.391124308109283447e-01 6.857606172561645508e-01 1.327139616012573242e+00 -2.194668632000684738e-03 -1.802284866571426392e-01 4.239650070667266846e-01 8.875621557235717773e-01
-3.441335260868072510e-01 6.827628612518310547e-01 1.329725503921508789e+00 -2.508411882445216179e-03 -1.815848052501678467e-01 4.213902354240417480e-01 8.885105848312377930e-01
-3.486981987953186035e-01 6.789506673812866211e-01 1.331420063972473145e+00 -5.875157658010721207e-03 -1.842061430215835571e-01 4.178065657615661621e-01 8.896467685699462891e-01
-3.545654714107513428e-01 6.749209165573120117e-01 1.332947850227355957e+00 -9.760210290551185608e-03 -1.867159008979797363e-01 4.129692316055297852e-01 8.913463950157165527e-01
-3.597964048385620117e-01 6.702613830566406250e-01 1.331771731376647949e+00 -1.404601521790027618e-02 -1.894884407520294189e-01 4.071711599826812744e-01 8.933691978454589844e-01
-3.664606511592864990e-01 6.664568781852722168e-01 1.330212354660034180e+00 -1.860651001334190369e-02 -1.921602189540863037e-01 4.013139903545379639e-01 8.953632712364196777e-01
-3.721221387386322021e-01 6.629582643508911133e-01 1.329553842544555664e+00 -2.394840121269226074e-02 -1.961970925331115723e-01 3.947689235210418701e-01 8.972685337066650391e-01
-3.808790743350982666e-01 6.584712862968444824e-01 1.327527046203613281e+00 -2.959757298231124878e-02 -1.990707069635391235e-01 3.878242373466491699e-01 8.994928002357482910e-01
-3.890812993049621582e-01 6.587676405906677246e-01 1.324496030807495117e+00 -3.302476927638053894e-02 -2.024896740913391113e-01 3.809025585651397705e-01 9.015656113624572754e-01
-3.971816003322601318e-01 6.552679538726806641e-01 1.321891546249389648e+00 -3.900850564241409302e-02 -2.062000185251235962e-01 3.730643391609191895e-01 9.037604331970214844e-01
-4.055265784263610840e-01 6.498305201530456543e-01 1.319847226142883301e+00 -4.644244164228439331e-02 -2.098215073347091675e-01 3.643038570880889893e-01 9.061461687088012695e-01
-4.141021966934204102e-01 6.456084251403808594e-01 1.318171143531799316e+00 -5.351539328694343567e-02 -2.140754312276840210e-01 3.557621538639068604e-01 9.081526398658752441e-01
-4.219908416271209717e-01 6.423478722572326660e-01 1.315207004547119141e+00 -6.045599281787872314e-02 -2.184802591800689697e-01 3.471826612949371338e-01 9.099866747856140137e-01
-4.324789047241210938e-01 6.363919973373413086e-01 1.313862204551696777e+00 -6.944791972637176514e-02 -2.217953056097030640e-01 3.378379344940185547e-01 9.120577573776245117e-01
-4.419457018375396729e-01 6.333581209182739258e-01 1.311554789543151855e+00 -7.694889605045318604e-02 -2.259682863950729370e-01 3.291155695915222168e-01 9.136192798614501953e-01
-4.512596130371093750e-01 6.293773651123046875e-01 1.308827757835388184e+00 -8.557731658220291138e-02 -2.299370169639587402e-01 3.202950060367584229e-01 9.149954915046691895e-01
-4.619758427143096924e-01 6.266602277755737305e-01 1.305145621299743652e+00 -9.247297048568725586e-02 -2.335588186979293823e-01 3.120622336864471436e-01 9.162511825561523438e-01
-4.732125699520111084e-01 6.225955486297607422e-01 1.301074743270874023e+00 -9.965630620718002319e-02 -2.366828024387359619e-01 3.036326467990875244e-01 9.175277948379516602e-01
-4.846776723861694336e-01 6.188049316406250000e-01 1.296790719032287598e+00 -1.064506471157073975e-01 -2.397822737693786621e-01 2.960443794727325439e-01 9.184391498565673828e-01
-4.962715208530426025e-01 6.150088310241699219e-01 1.292088985443115234e+00 -1.128182262182235718e-01 -2.424493730068206787e-01 2.890084981918334961e-01 9.192195534706115723e-01
-5.073565244674682617e-01 6.103866696357727051e-01 1.287227869033813477e+00 -1.192467659711837769e-01 -2.453206181526184082e-01 2.819105088710784912e-01 9.198502898216247559e-01
-5.170243382453918457e-01 6.050669550895690918e-01 1.283142209053039551e+00 -1.260950714349746704e-01 -2.491184622049331665e-01 2.743680775165557861e-01 9.201968908309936523e-01
-5.288838744163513184e-01 6.000968217849731445e-01 1.277639150619506836e+00 -1.320467591285705566e-01 -2.512027025222778320e-01 2.680791616439819336e-01 9.206489324569702148e-01
-5.406508445739746094e-01 5.945568680763244629e-01 1.272560000419616699e+00 -1.382584124803543091e-01 -2.534762322902679443e-01 2.618560492992401123e-01 9.209049344062805176e-01
-5.532330274581909180e-01 5.886263251304626465e-01 1.266689538955688477e+00 -1.441727429628372192e-01 -2.552585601806640625e-01 2.557625472545623779e-01 9.212181568145751953e-01
-5.662781000137329102e-01 5.828981995582580566e-01 1.260424494743347168e+00 -1.495047360658645630e-01 -2.565318942070007324e-01 2.499929517507553101e-01 9.215982556343078613e-01
-5.785970091819763184e-01 5.756164789199829102e-01 1.254698872566223145e+00 -1.554599553346633911e-01 -2.584446072578430176e-01 2.436089664697647095e-01 9.217881560325622559e-01
-5.909686088562011719e-01 5.684628486633300781e-01 1.247483253479003906e+00 -1.610567420721054077e-01 -2.597838342189788818e-01 2.379090636968612671e-01 9.219394922256469727e-01
-6.013941168785095215e-01 5.607162714004516602e-01 1.237758517265319824e+00 -1.659579128026962280e-01 -2.606915533542633057e-01 2.325466722249984741e-01 9.221822023391723633e-01
-6.089468598365783691e-01 5.516227483749389648e-01 1.226950883865356445e+00 -1.719511300325393677e-01 -2.617786526679992676e-01 2.267818003892898560e-01 9.222118854522705078e-01
-6.155608892440795898e-01 5.431883931159973145e-01 1.216148138046264648e+00 -1.776119470596313477e-01 -2.629821002483367920e-01 2.211404144763946533e-01 9.221667051315307617e-01
-6.210082769393920898e-01 5.342820286750793457e-01 1.204974889755249023e+00 -1.834845244884490967e-01 -2.642142176628112793e-01 2.156623601913452148e-01 9.219620823860168457e-01
-6.266605854034423828e-01 5.254321098327636719e-01 1.193609595298767090e+00 -1.894051581621170044e-01 -2.649191617965698242e-01 2.102477103471755981e-01 9.218131899833679199e-01
-6.310935020446777344e-01 5.163071155548095703e-01 1.182233810424804688e+00 -1.953726261854171753e-01 -2.660611569881439209e-01 2.041160613298416138e-01 9.216167926788330078e-01
-6.361882686614990234e-01 5.068022012710571289e-01 1.171551585197448730e+00 -2.012398689985275269e-01 -2.665715515613555908e-01 1.979302614927291870e-01 9.215561747550964355e-01
-6.404743194580078125e-01 4.968226850032806396e-01 1.161368846893310547e+00 -2.077230364084243774e-01 -2.672381103038787842e-01 1.916973739862442017e-01 9.212421178817749023e-01
-6.443979740142822266e-01 4.864391684532165527e-01 1.150987386703491211e+00 -2.140425443649291992e-01 -2.679297626018524170e-01 1.853377670049667358e-01 9.208959341049194336e-01
-6.482502818107604980e-01 4.755300283432006836e-01 1.140738606452941895e+00 -2.206044197082519531e-01 -2.684393823146820068e-01 1.785737276077270508e-01 9.205354452133178711e-01
-6.526744365692138672e-01 4.649718105792999268e-01 1.130827069282531738e+00 -2.267583906650543213e-01 -2.686997652053833008e-01 1.715627461671829224e-01 9.202973842620849609e-01
-6.558269262313842773e-01 4.532323479652404785e-01 1.120975136756896973e+00 -2.337683290243148804e-01 -2.692632377147674561e-01 1.640521436929702759e-01 9.197481274604797363e-01
-6.599366664886474609e-01 4.417469203472137451e-01 1.111187815666198730e+00 -2.402817606925964355e-01 -2.689370810985565186e-01 1.562589108943939209e-01 9.195220470428466797e-01
-6.633185148239135742e-01 4.295459985733032227e-01 1.102131247520446777e+00 -2.476232647895812988e-01 -2.688418328762054443e-01 1.481105238199234009e-01 9.189505577087402344e-01
-6.669612526893615723e-01 4.178937971591949463e-01 1.093076705932617188e+00 -2.547299265861511230e-01 -2.684969305992126465e-01 1.400676220655441284e-01 9.183698296546936035e-01
-6.703489422798156738e-01 4.054698944091796875e-01 1.084137916564941406e+00 -2.619139552116394043e-01 -2.681246399879455566e-01 1.314224302768707275e-01 9.177355170249938965e-01
-6.738172769546508789e-01 3.929037153720855713e-01 1.075403094291687012e+00 -2.694695889949798584e-01 -2.675844132900238037e-01 1.225714981555938721e-01 9.169301986694335938e-01
-6.764736175537109375e-01 3.805457651615142822e-01 1.066850662231445312e+00 -2.768792510032653809e-01 -2.672379612922668457e-01 1.140996292233467102e-01 9.159165024757385254e-01
-6.792770624160766602e-01 3.684271872043609619e-01 1.058468699455261230e+00 -2.842661738395690918e-01 -2.667068243026733398e-01 1.051936224102973938e-01 9.148740768432617188e-01
-6.821044683456420898e-01 3.563170433044433594e-01 1.050436854362487793e+00 -2.916975319385528564e-01 -2.661444544792175293e-01 9.611916542053222656e-02 9.136962294578552246e-01
-6.849094033241271973e-01 3.442260324954986572e-01 1.042223691940307617e+00 -2.989925146102905273e-01 -2.655333876609802246e-01 8.704935014247894287e-02 9.124242663383483887e-01
-6.876448392868041992e-01 3.320060968399047852e-01 1.034483194351196289e+00 -3.065967559814453125e-01 -2.649837434291839600e-01 7.774222642183303833e-02 9.108996987342834473e-01
-6.901192069053649902e-01 3.191369771957397461e-01 1.026290297508239746e+00 -3.142758011817932129e-01 -2.640263438224792480e-01 6.854060292243957520e-02 9.092981219291687012e-01
-6.925182342529296875e-01 3.074346482753753662e-01 1.018436551094055176e+00 -3.213681578636169434e-01 -2.634048163890838623e-01 5.936668068170547485e-02 9.076431393623352051e-01
-6.948550939559936523e-01 2.957040369510650635e-01 1.010671019554138184e+00 -3.285378217697143555e-01 -2.627231478691101074e-01 5.020735785365104675e-02 9.058248400688171387e-01
-6.977938413619995117e-01 2.834605276584625244e-01 1.003103137016296387e+00 -3.361042737960815430e-01 -2.618365585803985596e-01 4.058087244629859924e-02 9.037857651710510254e-01
-7.004600167274475098e-01 2.715577483177185059e-01 9.953199028968811035e-01 -3.430653810501098633e-01 -2.608692348003387451e-01 3.141571208834648132e-02 9.018129110336303711e-01
-7.025416493415832520e-01 2.605825364589691162e-01 9.882356524467468262e-01 -3.500776588916778564e-01 -2.601305246353149414e-01 2.244444005191326141e-02 8.995965719223022461e-01
