2.823239485961529027e+01
2.823239485961529027e+01
2.795009261231768605e+01
2.795009261231768605e+01
2.768931137269725440e+01
2.768931137269725440e+01
2.749293548942639021e+01
2.749293548942639021e+01
2.733564146401055339e+01
2.733564146401055339e+01
2.704385877971418495e+01
2.704385877971418495e+01
2.680285934036415796e+01
2.680285934036415796e+01
2.654035684960429720e+01
2.646122703724191183e+01
2.634073431062354942e+01
2.624060232270980464e+01
2.611255669950141112e+01
2.654508173648031644e+01
2.644310285607627620e+01
2.641368978903333442e+01
2.651252123477816625e+01
2.661527993567555583e+01
2.671893178485857945e+01
2.676489804218964963e+01
2.674807805341801981e+01
2.645665497733673632e+01
2.647225368327952921e+01
2.650101491076800997e+01
2.647333001209705827e+01
2.650438273516546417e+01
2.641063488701164630e+01
2.618776613674963372e+01
2.594052495522591784e+01
2.563861762482910933e+01
2.539417756075030042e+01
2.511349829165320813e+01
2.487165341808487184e+01
2.460432065406368807e+01
2.439314291911273003e+01
2.411326981926573865e+01
2.400222917172729709e+01
2.376373323695292683e+01
2.350940074902433707e+01
2.324158760775502941e+01
2.300043576230040543e+01
2.275022952710305546e+01
2.260834896011306583e+01
2.254394303991946913e+01
2.236345629127872670e+01
2.215898556255277185e+01
2.194576695176865755e+01
2.173668580555352747e+01
2.155424921319069753e+01
2.134285636881542203e+01
2.116444334381458958e+01
2.104181895009124048e+01
2.088213813027661203e+01
2.074017927509999026e+01
2.061561917216095452e+01
2.049293625281209685e+01
2.033004357265548023e+01
2.020941075047334934e+01
2.012819785193601163e+01
1.986845544938822172e+01
1.973620331243789749e+01
1.984158704918937133e+01
1.959031479497450334e+01
1.944840355520034336e+01
1.922981184907656882e+01
1.915612265396993763e+01
1.897364898477146156e+01
1.888692663648966885e+01
1.862960201930582116e+01
1.846282554158741718e+01
1.829061298317859041e+01
1.808310047337867132e+01
1.793288857251518209e+01
1.781632150361625833e+01
1.764336821727931692e+01
1.745469363244876604e+01
1.737474211586077999e+01
1.715347929900074675e+01
1.694248481928887884e+01
1.677915526990787853e+01
1.663225569713493002e+01
1.642878580407641209e+01
1.622379122806108143e+01
1.599799166476990564e+01
1.583283624090235264e+01
1.558292362298321265e+01
1.533765524814293713e+01
1.509214273090904435e+01
1.498886933120909859e+01
1.474810920231606914e+01
1.452786251374237025e+01
1.428785480630639881e+01
1.408005498530951805e+01
1.387628515576327537e+01
1.364909461322312012e+01
1.342123374795006896e+01
1.319559492456203209e+01
1.296713240860158223e+01
1.267983716132146199e+01
1.244060166782989896e+01
1.219164870288763680e+01
1.192444504134311778e+01
1.167064019723792079e+01
1.141450580556781347e+01
1.113598290016705050e+01
1.087549558465366495e+01
1.061788731670702113e+01
1.036469822510759542e+01
1.011381635835450332e+01
9.856462010438889365e+00
9.603225420911767785e+00
9.357404631610743095e+00
9.120991074278325783e+00
8.897632133580936298e+00
8.674925449605396466e+00
8.464684976930659133e+00
8.262253368106934559e+00
8.068951419013618676e+00
7.883326342544636489e+00
7.709460925924734198e+00
7.534030285007036198e+00
7.382212619372097606e+00
7.220345689331107764e+00
7.070683692418054278e+00
6.929503271678438381e+00
6.803150600985308216e+00
6.697425710672590071e+00
6.594739430262794855e+00
6.505858709355674563e+00
6.421474942312116241e+00
6.337368373438689417e+00
6.237830000088891325e+00
6.168519714318303926e+00
6.101448460067494750e+00
6.016868737627937946e+00
5.945639837742788814e+00
5.892550004210331593e+00
5.852142373485502702e+00
5.799000157230967289e+00
5.771417178045261664e+00
5.734304865529814776e+00
5.710811250690301932e+00
5.672250294216745203e+00
5.644819423230558186e+00
5.643901310527287052e+00
5.610022519874824809e+00
5.593120616789320820e+00
5.599717057185003455e+00
5.563064817041944110e+00
5.572444341922174971e+00
5.569033972934274601e+00
5.545335099711330429e+00
5.527728417835714225e+00
5.505325971232149840e+00
5.493968169443814276e+00
5.459511250234015733e+00
5.420152880778317694e+00
5.383825493257432981e+00
5.323043259868882160e+00
5.284512534953666574e+00
5.240333488264813155e+00
5.187139347439757131e+00
5.118391741785117688e+00
5.059636188715352034e+00
5.007811173127375781e+00
4.962192452788965369e+00
4.917733801409056582e+00
4.875847480396206635e+00
4.843759024831911120e+00
4.816440652858691607e+00
4.794827526850131250e+00
4.776566584205589550e+00
4.762763012701249465e+00
4.751195631347265191e+00
4.746602739405322069e+00
4.739255248917764618e+00
4.732321799555130326e+00
4.724100220597630795e+00
4.716116869918188570e+00
4.706178163270291037e+00
4.691925750395252948e+00
4.678372731107412363e+00
4.663152359769302535e+00
4.643151663888765768e+00
4.623083864934393716e+00
4.603727117689945914e+00
4.581614859975665865e+00
4.559352571030412804e+00
4.534981183513114189e+00
4.509085922121972345e+00
4.482858214634280358e+00
4.455596323704295258e+00
4.424192522094440250e+00
4.394111776830808225e+00
4.363834453792748036e+00
4.331163079968341378e+00
4.298573044848691183e+00
4.265558662746613550e+00
4.232374918700060107e+00
4.199345658234026502e+00
4.163154693786104588e+00
4.128779015379908657e+00
4.095247968442077280e+00
4.060600308800047742e+00
4.027569271263811146e+00
3.992980178651002632e+00
3.956528656378537789e+00
3.923905814759756083e+00
3.888773893846863672e+00
3.854378052789467546e+00
3.817989064060366644e+00
3.782531529182907803e+00
3.749078459207126457e+00
3.712116305063300814e+00
3.676344446231677665e+00
3.639558129736990111e+00
3.603813854592701205e+00
3.562583621773217857e+00
3.521422431347687620e+00
3.478835899071761162e+00
3.436395978391200146e+00
3.382725128547502180e+00
3.335422983124711749e+00
3.285711244946494247e+00
3.236456755101961846e+00
3.173920882790689291e+00
3.116067038273691026e+00
3.054943865849498508e+00
3.001135483054966357e+00
2.936134803578063668e+00
2.864831808479639363e+00
2.783950477961685266e+00
2.715092904837856480e+00
2.651188040400093371e+00
2.591005152116938604e+00
2.540779554697429887e+00
2.499912867468673028e+00
2.456629617105086538e+00
2.420358054644179191e+00
2.398478875835621693e+00
2.379967712577620631e+00
2.350693713916065519e+00
2.336765777484540507e+00
2.329843314764360684e+00
2.320878268142134715e+00
2.315056215853608990e+00
2.301802563075170838e+00
2.287730398821299360e+00
2.269687350210435994e+00
2.258877326352553894e+00
2.225591597418770107e+00
2.173895080600296126e+00
2.143060424895583793e+00
2.110196878571219514e+00
2.066554974577403669e+00
2.029253682442025308e+00
2.001794219673993069e+00
1.969998391386592829e+00
1.954342461359068750e+00
1.932092674447797975e+00
1.903842107594083899e+00
1.902956135660613057e+00
1.895938600123656670e+00
1.881244510218461841e+00
1.883989992921581091e+00
1.889243756372323446e+00
1.880798642361483530e+00
1.899484872385485801e+00
1.882803360049585706e+00
1.867821776327804884e+00
1.851074810906514045e+00
1.827507605461821782e+00
1.823258557089580734e+00
1.816868298216277822e+00
1.817681302436607638e+00
1.827747565394673757e+00
1.833237979989995381e+00
1.850485629576542834e+00
1.868960491165434945e+00
1.884984976026700565e+00
1.937311475621665835e+00
1.969281339319167046e+00
2.003019396010628839e+00
2.052121428857066832e+00
2.161370275602035207e+00
2.315993099591899806e+00
2.484870350368836966e+00
2.656416187554302866e+00
2.829798705713717055e+00
3.005516336135965361e+00
3.175639981384996702e+00
3.344397330455933570e+00
3.528875946886053327e+00
3.708129645859102652e+00
3.893868248246409536e+00
4.075716878594519699e+00
4.258293786523079660e+00
4.430728242791303728e+00
4.600877301890978543e+00
4.793161980602548056e+00
4.968103429664701309e+00
5.140665664585398531e+00
5.311835898276228818e+00
5.482081603252140667e+00
5.653547913144780779e+00
5.821676409309027633e+00
5.997850284524442799e+00
6.161210871408229650e+00
6.326605841071941683e+00
6.492407403964364221e+00
6.654547154594318670e+00
6.803806501385416539e+00
