1.007685953424049785e+01
1.007685953424049785e+01
9.638758011021129946e+00
9.638758011021129946e+00
9.246356306768984012e+00
9.246356306768984012e+00
8.849359129449815953e+00
8.849359129449815953e+00
8.453207564164527454e+00
8.453207564164527454e+00
8.129491990079118935e+00
8.129491990079118935e+00
7.824971001099839008e+00
7.824971001099839008e+00
7.550771088012740329e+00
7.375074265967011655e+00
7.263150473427622877e+00
7.100350454730130600e+00
6.655514828881157641e+00
6.497641951580702013e+00
6.274961561588543901e+00
6.008410163370303536e+00
5.691472301266516709e+00
5.420478103351850763e+00
5.123027196006756157e+00
4.854651252049727361e+00
4.564688186248454294e+00
4.429052079279222731e+00
4.140257350398582226e+00
3.840826486807142892e+00
3.531189756628598353e+00
3.242716510908469907e+00
2.933749516664430068e+00
2.729864778000155034e+00
2.574225879096515790e+00
2.393297756189694425e+00
2.163660845371598640e+00
2.000303067259488365e+00
1.847456591851392993e+00
1.653041474287245016e+00
1.496622776366693053e+00
1.292493251207878835e+00
1.098548925976450263e+00
9.072372831686443817e-01
7.345489627487555850e-01
8.371708189554425417e-01
6.839726370314069825e-01
5.107656321986260295e-01
3.473393419177916996e-01
1.882031826551591180e-01
4.559270295951556307e-02
-6.607416153563594463e-02
-1.996503873581811916e-01
-1.643592067755825781e-01
-2.794950338655661781e-01
-3.884319031847871528e-01
-4.660954659272693590e-01
-5.547009267746467742e-01
-6.484686816289535471e-01
-7.478920995835638408e-01
-9.093097569560990578e-01
-9.311008507304903148e-01
-1.019400785360669026e+00
-1.126694856958837754e+00
-1.190159691923574847e+00
-1.256529864215425896e+00
-1.338285131007006967e+00
-1.426559368576888254e+00
-1.515185059637365939e+00
-1.613991279865931716e+00
-1.682672250977975459e+00
-1.785311413686635262e+00
-1.884401230103502023e+00
-1.993511044741806515e+00
-2.100169916922663305e+00
-2.205617342107576206e+00
-2.323732635599622398e+00
-2.435385570659569510e+00
-2.547927113167327562e+00
-2.666603100917208202e+00
-2.736515118089455356e+00
-2.860707204885737376e+00
-2.919681545627528685e+00
-3.032065541526928421e+00
-3.158185660591933619e+00
-3.277415196936718900e+00
-3.303662714895959418e+00
-3.390380400899958069e+00
-3.461949554938916762e+00
-3.529728437557059451e+00
-3.577324975266105156e+00
-3.640261503650669361e+00
-3.702626521772693913e+00
-3.771231302792536155e+00
-3.818390342528228842e+00
-3.876009127819801670e+00
-3.940699047184934578e+00
-4.002663534315735738e+00
-4.059920878829316848e+00
-4.113037156316097231e+00
-4.175207173895197243e+00
-4.229719231922727474e+00
-4.284519242036233244e+00
-4.339181201606558957e+00
-4.385804611457081670e+00
-4.437591403894070474e+00
-4.470980650358400865e+00
-4.505935915970582073e+00
-4.528240650048331872e+00
-4.532284549910438720e+00
-4.521726101477177906e+00
-4.490681712779799106e+00
-4.436938200337340987e+00
-4.353462747305390401e+00
-4.280959307555088245e+00
-4.247043710803022343e+00
-4.191082916128204161e+00
-4.125064415446646926e+00
-4.046973435279084264e+00
-3.968109074687768967e+00
-3.880347095547825198e+00
-3.804165256965136521e+00
-3.725399918638455432e+00
-3.648214551612733558e+00
-3.567557509368404212e+00
-3.489402065178333068e+00
-3.414440241060871628e+00
-3.344833294330042506e+00
-3.272697498274723671e+00
-3.207508079249275390e+00
-3.135517485638784407e+00
-3.052767592819408016e+00
-2.960969723122017783e+00
-2.881964828927284117e+00
-2.798069923146050186e+00
-2.725791517295762745e+00
-2.666817489300362887e+00
-2.602754709281196455e+00
-2.571071143254185287e+00
-2.495446801597396735e+00
-2.446961002709810984e+00
-2.398088967120971304e+00
-2.349195378417068270e+00
-2.307424470796037852e+00
-2.298441442898594644e+00
-2.271138911810840710e+00
-2.254219409222847581e+00
-2.235370147597221191e+00
-2.219800310871229421e+00
-2.199749171691460781e+00
-2.184787397166937595e+00
-2.164454833927097255e+00
-2.168294711288990761e+00
-2.153288106380129463e+00
-2.161008510330360011e+00
-2.154148512979094043e+00
-2.164327081506853823e+00
-2.143914487586185302e+00
-2.145786644862818449e+00
-2.152483052904307748e+00
-2.144699144526625467e+00
-2.107943530150242495e+00
-2.101200644578392840e+00
-2.090883054585269463e+00
-2.067943781390513713e+00
-2.035440593314992164e+00
-2.010481430012146298e+00
-1.963968846973683569e+00
-1.940390475730786157e+00
-1.912710650030203574e+00
-1.887236678893665420e+00
-1.849010846167423949e+00
-1.827118746839754060e+00
-1.796916193372355863e+00
-1.772081487221260687e+00
-1.749686314560245926e+00
-1.733687783932468029e+00
-1.723634301305712491e+00
-1.713149687981729841e+00
-1.706328110095086892e+00
-1.703431059719371810e+00
-1.699734679596847542e+00
-1.695996181366909994e+00
-1.689165861199242613e+00
-1.681055167412898399e+00
-1.671394491308596741e+00
-1.660656918486647093e+00
-1.648469359444270310e+00
-1.634142662416678604e+00
-1.615529336019339901e+00
-1.599445064533735028e+00
-1.578898891105783520e+00
-1.558252652836563001e+00
-1.534562777830817737e+00
-1.509174050898167252e+00
-1.482485762989973921e+00
-1.453404035641018055e+00
-1.418502600283583881e+00
-1.385265363058461929e+00
-1.350432237214824305e+00
-1.312101341318845371e+00
-1.271029845167352512e+00
-1.227336903249923949e+00
-1.182856524421489475e+00
-1.133357885051793801e+00
-1.081700605858015862e+00
-1.030374929320379884e+00
-9.746047177132250994e-01
-9.173561578958606688e-01
-8.599548543715291871e-01
-7.971179151138088059e-01
-7.318259467264853768e-01
-6.662972062749510371e-01
-5.983419536822225382e-01
-5.291762476426811190e-01
-4.574292581407277680e-01
-3.804616131929563494e-01
-3.029738093087974704e-01
-2.230631479378306636e-01
-1.409999658449669901e-01
-6.260631453121812129e-02
3.032882102744505204e-02
1.199459333545092043e-01
2.062079399140239744e-01
2.989236027862745004e-01
3.936040231108490772e-01
4.928956047990249445e-01
5.865135846361675398e-01
6.860786272453189838e-01
7.843624656024230646e-01
8.833498844161167263e-01
9.857128017356999727e-01
1.094061386460446261e+00
1.195755335217160820e+00
1.300414534137369404e+00
1.408984328860972912e+00
1.518599175190581629e+00
1.629548798339033766e+00
1.723850196725147832e+00
1.819821804604274895e+00
1.897156592782170748e+00
1.976185608097301483e+00
2.048564900077758377e+00
2.105213717365026493e+00
2.151046601538521674e+00
2.189694797431795514e+00
2.213022647662361120e+00
2.248551202634794244e+00
2.268700131716498980e+00
2.284018093012797124e+00
2.294395221383103589e+00
2.297520218386539526e+00
2.315009932039489904e+00
2.346105710971457370e+00
2.360065358390802448e+00
2.360176805363993324e+00
2.359710042131394125e+00
2.441861627289534376e+00
2.483008473415089234e+00
2.529079725790438715e+00
2.602188670450249042e+00
2.664249446908969254e+00
2.769163692968189316e+00
2.856131286542518577e+00
2.947540044502900525e+00
3.061047565780810054e+00
3.183866545468853282e+00
3.322888103759761513e+00
3.439868813802707592e+00
3.618167446791904052e+00
3.753379149922424940e+00
3.916548146135308439e+00
4.096700427998645644e+00
4.268325610858243024e+00
4.428146988200936107e+00
4.641107258622533038e+00
4.819309550227249161e+00
5.005221584370885601e+00
5.206339340086824308e+00
5.428403901184861269e+00
5.652665121935886994e+00
5.880990299276734667e+00
6.109398089685386779e+00
6.318564439907397912e+00
6.564656654200952346e+00
6.811986059113389835e+00
7.078711766038770392e+00
7.352642939864104221e+00
7.625965532757641441e+00
7.906484173819648298e+00
8.175473475232454490e+00
8.418221039438581244e+00
8.641437079039830493e+00
8.853024046102433431e+00
9.068164240109767960e+00
9.267440948205177165e+00
9.476284634143326002e+00
9.674499949709643332e+00
9.871666390754214149e+00
1.007147999030240726e+01
1.027521695238620580e+01
1.046950618883238704e+01
1.067564844188132867e+01
1.087321526932923632e+01
1.107009680906813642e+01
1.126901721933828426e+01
1.146930345331714918e+01
1.165481575915850954e+01
1.183967534136477440e+01
1.202306569022212912e+01
1.220687092435932719e+01
1.238834066772531273e+01
1.257358964437686666e+01
1.274629309837657587e+01
1.291786124604022490e+01
1.310169698094000168e+01
1.327970522179658985e+01
1.343775188857317104e+01
