-0.000000000000000000e+00 -0.000000000000000000e+00 -0.000000000000000000e+00 -0.000000000000000000e+00 -0.000000000000000000e+00 -0.000000000000000000e+00 1.000000000000000000e+00
-0.000000000000000000e+00 -0.000000000000000000e+00 -0.000000000000000000e+00 -0.000000000000000000e+00 -0.000000000000000000e+00 -0.000000000000000000e+00 1.000000000000000000e+00
1.206439826637506485e-02 1.425314787775278091e-02 1.729818992316722870e-02 -3.391778562217950821e-03 5.272159469313919544e-04 -2.456767018884420395e-03 9.999911785125732422e-01
1.206439826637506485e-02 1.425314787775278091e-02 1.729818992316722870e-02 -3.391778562217950821e-03 5.272159469313919544e-04 -2.456767018884420395e-03 9.999911785125732422e-01
2.264066413044929504e-02 2.547514438629150391e-02 3.374997898936271667e-02 -7.875354029238224030e-03 4.841195885092020035e-03 -4.755705595016479492e-03 9.999460577964782715e-01
2.264066413044929504e-02 2.547514438629150391e-02 3.374997898936271667e-02 -7.875354029238224030e-03 4.841195885092020035e-03 -4.755705595016479492e-03 9.999460577964782715e-01
3.556300327181816101e-02 3.369819372892379761e-02 4.921508207917213440e-02 -1.237239222973585129e-02 1.135239191353321075e-02 -8.881848305463790894e-03 9.998195767402648926e-01
3.556300327181816101e-02 3.369819372892379761e-02 4.921508207917213440e-02 -1.237239222973585129e-02 1.135239191353321075e-02 -8.881848305463790894e-03 9.998195767402648926e-01
4.803010076284408569e-02 4.166786000132560730e-02 6.229596212506294250e-02 -1.691174693405628204e-02 1.972078531980514526e-02 -1.427335850894451141e-02 9.995605945587158203e-01
4.803010076284408569e-02 4.166786000132560730e-02 6.229596212506294250e-02 -1.691174693405628204e-02 1.972078531980514526e-02 -1.427335850894451141e-02 9.995605945587158203e-01
5.574312433600425720e-02 5.178223177790641785e-02 7.924812287092208862e-02 -2.181877009570598602e-02 3.279637917876243591e-02 -2.208084426820278168e-02 9.989799261093139648e-01
5.574312433600425720e-02 5.178223177790641785e-02 7.924812287092208862e-02 -2.181877009570598602e-02 3.279637917876243591e-02 -2.208084426820278168e-02 9.989799261093139648e-01
6.512326747179031372e-02 6.111373752355575562e-02 9.465020149946212769e-02 -2.645166218280792236e-02 4.545087739825248718e-02 -2.985501661896705627e-02 9.981699585914611816e-01
6.512326747179031372e-02 6.111373752355575562e-02 9.465020149946212769e-02 -2.645166218280792236e-02 4.545087739825248718e-02 -2.985501661896705627e-02 9.981699585914611816e-01
7.241266220808029175e-02 7.087620347738265991e-02 1.098343059420585632e-01 -3.072462975978851318e-02 5.893395841121673584e-02 -3.804879263043403625e-02 9.970632791519165039e-01
7.708784192800521851e-02 7.409074902534484863e-02 1.157875880599021912e-01 -3.297435864806175232e-02 6.520032137632369995e-02 -4.197422042489051819e-02 9.964436292648315430e-01
8.325129747390747070e-02 7.906916737556457520e-02 1.242432519793510437e-01 -3.514759242534637451e-02 7.098272442817687988e-02 -4.550572484731674194e-02 9.958189129829406738e-01
8.934618532657623291e-02 8.358477801084518433e-02 1.316966563463211060e-01 -3.699376434087753296e-02 7.684010267257690430e-02 -4.884093999862670898e-02 9.951591491699218750e-01
9.443018585443496704e-02 8.834177255630493164e-02 1.400243341922760010e-01 -3.871095553040504456e-02 8.335307240486145020e-02 -5.268187448382377625e-02 9.943733811378479004e-01
1.227065771818161011e-01 8.840663731098175049e-02 1.324680596590042114e-01 -3.703812882304191589e-02 6.722889840602874756e-02 -4.342139139771461487e-02 9.961039423942565918e-01
1.263149678707122803e-01 9.298349916934967041e-02 1.385054886341094971e-01 -3.751737996935844421e-02 7.390718907117843628e-02 -4.483181610703468323e-02 9.955502748489379883e-01
1.392490863800048828e-01 9.884636104106903076e-02 1.454962641000747681e-01 -3.774211555719375610e-02 7.723180204629898071e-02 -4.338783770799636841e-02 9.953533411026000977e-01
1.511698961257934570e-01 1.007543876767158508e-01 1.462598890066146851e-01 -3.815222904086112976e-02 8.118787407875061035e-02 -4.303892329335212708e-02 9.950380325317382812e-01
1.652784496545791626e-01 1.030505448579788208e-01 1.479537338018417358e-01 -3.785315528512001038e-02 8.248483389616012573e-02 -4.311945661902427673e-02 9.949392676353454590e-01
1.793513298034667969e-01 1.050994694232940674e-01 1.496789753437042236e-01 -3.641898557543754578e-02 8.426003903150558472e-02 -4.201073572039604187e-02 9.948915243148803711e-01
1.987331807613372803e-01 1.088403463363647461e-01 1.571597754955291748e-01 -3.350292518734931946e-02 7.963043451309204102e-02 -3.690680861473083496e-02 9.955774545669555664e-01
2.119359225034713745e-01 1.097978726029396057e-01 1.656514257192611694e-01 -3.227960690855979919e-02 7.953786104917526245e-02 -3.712423890829086304e-02 9.956172108650207520e-01
2.208995521068572998e-01 1.113903895020484924e-01 1.869027763605117798e-01 -3.546591103076934814e-02 6.985279917716979980e-02 -3.877137228846549988e-02 9.961724877357482910e-01
2.339953035116195679e-01 1.135913953185081482e-01 1.929708570241928101e-01 -3.471760079264640808e-02 7.030710577964782715e-02 -3.782772272825241089e-02 9.962031245231628418e-01
2.487272173166275024e-01 1.164039596915245056e-01 1.990201771259307861e-01 -3.424189612269401550e-02 6.918927282094955444e-02 -3.645680472254753113e-02 9.963489770889282227e-01
2.607674300670623779e-01 1.209729164838790894e-01 2.059171348810195923e-01 -3.414050117135047913e-02 6.935384124517440796e-02 -3.588748350739479065e-02 9.963617324829101562e-01
2.756710052490234375e-01 1.232013478875160217e-01 2.121842503547668457e-01 -3.423761576414108276e-02 6.917495280504226685e-02 -3.594589978456497192e-02 9.963687062263488770e-01
2.848156988620758057e-01 1.294320821762084961e-01 2.203913331031799316e-01 -3.328786790370941162e-02 6.982056051492691040e-02 -3.573719039559364319e-02 9.963634014129638672e-01
2.876913547515869141e-01 1.369514912366867065e-01 2.316127121448516846e-01 -3.432684764266014099e-02 7.074191421270370483e-02 -3.721873834729194641e-02 9.962088465690612793e-01
2.880778908729553223e-01 1.445769071578979492e-01 2.426753640174865723e-01 -3.510569781064987183e-02 7.020031660795211792e-02 -3.760574385523796082e-02 9.962055087089538574e-01
2.867078185081481934e-01 1.531018018722534180e-01 2.554056942462921143e-01 -3.589292988181114197e-02 6.850961595773696899e-02 -3.995893150568008423e-02 9.962035417556762695e-01
2.875939309597015381e-01 1.620966941118240356e-01 2.660365402698516846e-01 -3.610682114958763123e-02 6.779754161834716797e-02 -4.049395769834518433e-02 9.962229132652282715e-01
2.880524992942810059e-01 1.719996631145477295e-01 2.780855000019073486e-01 -3.643857315182685852e-02 6.727869808673858643e-02 -4.066167026758193970e-02 9.962391853332519531e-01
2.888432145118713379e-01 1.813392788171768188e-01 2.883674800395965576e-01 -3.684812784194946289e-02 6.687933206558227539e-02 -4.138591885566711426e-02 9.962211847305297852e-01
2.897930443286895752e-01 1.907030045986175537e-01 3.001806139945983887e-01 -3.697826340794563293e-02 6.657715886831283569e-02 -4.239172115921974182e-02 9.961943030357360840e-01
2.914649844169616699e-01 2.005683630704879761e-01 3.090330362319946289e-01 -3.675727546215057373e-02 6.649639457464218140e-02 -4.241831228137016296e-02 9.962067604064941406e-01
2.927953898906707764e-01 2.126706540584564209e-01 3.206397593021392822e-01 -3.699920699000358582e-02 6.659459322690963745e-02 -4.193250462412834167e-02 9.962118268013000488e-01
2.951534092426300049e-01 2.178289592266082764e-01 3.261958956718444824e-01 -3.797676041722297668e-02 6.528079509735107422e-02 -4.527362436056137085e-02 9.961157441139221191e-01
2.969620227813720703e-01 2.286536544561386108e-01 3.362782597541809082e-01 -3.791956230998039246e-02 6.532204151153564453e-02 -4.541748017072677612e-02 9.961086511611938477e-01
2.982631921768188477e-01 2.393469512462615967e-01 3.470087051391601562e-01 -3.812615573406219482e-02 6.568202376365661621e-02 -4.572920128703117371e-02 9.960628747940063477e-01
3.000648021697998047e-01 2.519518136978149414e-01 3.580043613910675049e-01 -3.772060573101043701e-02 6.537879258394241333e-02 -4.486393928527832031e-02 9.961375594139099121e-01
3.023512363433837891e-01 2.623585462570190430e-01 3.686996400356292725e-01 -3.783686459064483643e-02 6.463271379470825195e-02 -4.495937004685401917e-02 9.961775541305541992e-01
3.026717603206634521e-01 2.727604210376739502e-01 3.787284195423126221e-01 -3.704753518104553223e-02 6.602491438388824463e-02 -4.395755752921104431e-02 9.961606264114379883e-01
3.044596910476684570e-01 2.805311679840087891e-01 3.845972120761871338e-01 -3.660290688276290894e-02 6.642711162567138672e-02 -4.326084256172180176e-02 9.961808323860168457e-01
3.064865767955780029e-01 2.795777618885040283e-01 3.898679316043853760e-01 -4.116355255246162415e-02 6.184374541044235229e-02 -5.056532844901084900e-02 9.959538578987121582e-01
3.073550462722778320e-01 2.870465219020843506e-01 3.974998891353607178e-01 -4.099322855472564697e-02 6.230289116501808167e-02 -5.040622130036354065e-02 9.959403276443481445e-01
3.076180517673492432e-01 2.949327826499938965e-01 4.059532880783081055e-01 -4.070096462965011597e-02 6.247740983963012695e-02 -4.932192340493202209e-02 9.959957003593444824e-01
3.077756464481353760e-01 3.021006286144256592e-01 4.151402115821838379e-01 -4.094257578253746033e-02 6.214633211493492126e-02 -4.986833408474922180e-02 9.959793090820312500e-01
3.074537813663482666e-01 3.082826435565948486e-01 4.242168962955474854e-01 -4.141572862863540649e-02 6.189635023474693298e-02 -5.060817673802375793e-02 9.959379434585571289e-01
3.076562881469726562e-01 3.142313659191131592e-01 4.321953654289245605e-01 -4.165278747677803040e-02 6.150795146822929382e-02 -5.040435492992401123e-02 9.959625005722045898e-01
3.066678643226623535e-01 3.205318450927734375e-01 4.409527778625488281e-01 -4.091145098209381104e-02 6.204937025904655457e-02 -5.033078044652938843e-02 9.959633350372314453e-01
3.059311807155609131e-01 3.251127004623413086e-01 4.487109780311584473e-01 -4.140864685177803040e-02 6.161859631538391113e-02 -5.052309110760688782e-02 9.959598183631896973e-01
3.043635189533233643e-01 3.288990557193756104e-01 4.531380236148834229e-01 -3.977303951978683472e-02 6.323561072349548340e-02 -4.921575635671615601e-02 9.959905147552490234e-01
3.028038144111633301e-01 3.326876759529113770e-01 4.596706032752990723e-01 -3.938455507159233093e-02 6.419011950492858887e-02 -4.729548469185829163e-02 9.960380196571350098e-01
3.010244369506835938e-01 3.353974223136901855e-01 4.655176401138305664e-01 -3.879053518176078796e-02 6.457833200693130493e-02 -4.707980528473854065e-02 9.960464239120483398e-01
2.989030480384826660e-01 3.371038138866424561e-01 4.705922901630401611e-01 -3.776979446411132812e-02 6.628517806529998779e-02 -4.495629668235778809e-02 9.960716366767883301e-01
2.966129183769226074e-01 3.395796120166778564e-01 4.751369059085845947e-01 -3.673934563994407654e-02 6.716660410165786743e-02 -4.349108040332794189e-02 9.961162209510803223e-01
2.927177250385284424e-01 3.440477550029754639e-01 4.801628887653350830e-01 -3.391635790467262268e-02 7.223705947399139404e-02 -3.646490350365638733e-02 9.961434602737426758e-01
2.899986505508422852e-01 3.459373414516448975e-01 4.845787286758422852e-01 -3.518775478005409241e-02 7.138871401548385620e-02 -4.022949934005737305e-02 9.960156083106994629e-01
2.883543074131011963e-01 3.446563780307769775e-01 4.887323677539825439e-01 -3.900890797376632690e-02 6.416204571723937988e-02 -4.809207096695899963e-02 9.960164427757263184e-01
2.846599221229553223e-01 3.490845859050750732e-01 4.993887543678283691e-01 -3.993134573101997375e-02 6.354571878910064697e-02 -4.992905631661415100e-02 9.959290027618408203e-01
2.803568840026855469e-01 3.504933714866638184e-01 5.037124752998352051e-01 -4.078665003180503845e-02 6.126896291971206665e-02 -5.136976391077041626e-02 9.959636926651000977e-01
2.799388766288757324e-01 3.494123816490173340e-01 4.979367256164550781e-01 -3.938695415854454041e-02 6.428544223308563232e-02 -4.873683676123619080e-02 9.959622621536254883e-01
3.113833665847778320e-01 3.817298412322998047e-01 5.175653696060180664e-01 2.014722907915711403e-03 -1.551505457609891891e-02 5.820880830287933350e-02 9.981818199157714844e-01
3.075914084911346436e-01 3.846907615661621094e-01 5.220944285392761230e-01 3.588177263736724854e-03 -1.322252396494150162e-02 6.365089118480682373e-02 9.978781938552856445e-01
3.055632412433624268e-01 3.889830708503723145e-01 5.314756631851196289e-01 4.295935854315757751e-03 -1.423268299549818039e-02 6.862199306488037109e-02 9.975319504737854004e-01
3.072492778301239014e-01 3.911556601524353027e-01 5.357592701911926270e-01 1.678925240412354469e-03 -2.125481329858303070e-02 6.672585010528564453e-02 9.975435733795166016e-01
3.136007785797119141e-01 4.029640853404998779e-01 5.449839830398559570e-01 8.700101636350154877e-03 -5.058326199650764465e-02 8.792652189731597900e-02 9.948037862777709961e-01
3.167795538902282715e-01 4.050555229187011719e-01 5.509383082389831543e-01 4.490212537348270416e-03 -6.000331044197082520e-02 9.896780550479888916e-02 9.932698011398315430e-01
3.108083605766296387e-01 4.129572510719299316e-01 5.586344003677368164e-01 1.185879297554492950e-02 -5.933708697557449341e-02 1.237137168645858765e-01 9.904713630676269531e-01
3.110654950141906738e-01 4.185714423656463623e-01 5.658975839614868164e-01 1.348479557782411575e-02 -6.579678505659103394e-02 1.302040219306945801e-01 9.892097115516662598e-01
3.111955523490905762e-01 4.244232177734375000e-01 5.732932090759277344e-01 1.418006420135498047e-02 -7.123420387506484985e-02 1.366406530141830444e-01 9.879544973373413086e-01
3.102620244026184082e-01 4.302987754344940186e-01 5.820414423942565918e-01 1.467083208262920380e-02 -7.549582421779632568e-02 1.406264752149581909e-01 9.870710968971252441e-01
3.105590939521789551e-01 4.358657002449035645e-01 5.884089469909667969e-01 1.561546511948108673e-02 -7.931789755821228027e-02 1.418872773647308350e-01 9.865763783454895020e-01
3.137929439544677734e-01 4.441715478897094727e-01 5.934874415397644043e-01 1.839644089341163635e-02 -8.471106737852096558e-02 1.461834013462066650e-01 9.854522347450256348e-01
3.138403892517089844e-01 4.503662288188934326e-01 6.007318496704101562e-01 3.504453459754586220e-03 -9.093062579631805420e-02 1.434954404830932617e-01 9.854584932327270508e-01
3.132809698581695557e-01 4.559678435325622559e-01 6.087512969970703125e-01 -1.429932098835706711e-02 -9.669125080108642578e-02 1.393606513738632202e-01 9.854060411453247070e-01
3.141836225986480713e-01 4.600702226161956787e-01 6.121111512184143066e-01 -3.335535898804664612e-02 -1.019267737865447998e-01 1.335657089948654175e-01 9.852200746536254883e-01
3.126392960548400879e-01 4.663867652416229248e-01 6.210873723030090332e-01 -5.510357394814491272e-02 -1.072064414620399475e-01 1.252851933240890503e-01 9.847710132598876953e-01
3.122792840003967285e-01 4.725888967514038086e-01 6.302412152290344238e-01 -7.841415703296661377e-02 -1.121185719966888428e-01 1.165613383054733276e-01 9.837144613265991211e-01
3.112824857234954834e-01 4.777148365974426270e-01 6.367593407630920410e-01 -1.030519008636474609e-01 -1.165654733777046204e-01 1.059119626879692078e-01 9.821280241012573242e-01
3.094822764396667480e-01 4.787542521953582764e-01 6.435733437538146973e-01 -1.305603981018066406e-01 -1.202955171465873718e-01 9.380988031625747681e-02 9.796339869499206543e-01
3.075796365737915039e-01 4.842502474784851074e-01 6.516684889793395996e-01 -1.574143171310424805e-01 -1.243807002902030945e-01 8.197578042745590210e-02 9.762326478958129883e-01
3.057479262351989746e-01 4.898425340652465820e-01 6.598524451255798340e-01 -1.842459440231323242e-01 -1.286466568708419800e-01 7.001584768295288086e-02 9.719060063362121582e-01
3.040431737899780273e-01 4.957496821880340576e-01 6.691609025001525879e-01 -2.116003185510635376e-01 -1.334997266530990601e-01 5.739417299628257751e-02 9.664931893348693848e-01
3.021129667758941650e-01 4.997654259204864502e-01 6.756861209869384766e-01 -2.389028370380401611e-01 -1.382457166910171509e-01 4.548352956771850586e-02 9.600754380226135254e-01
2.981699407100677490e-01 5.051848292350769043e-01 6.852205395698547363e-01 -2.659089565277099609e-01 -1.422987431287765503e-01 3.332521021366119385e-02 9.528551697731018066e-01
2.954534292221069336e-01 5.106255412101745605e-01 6.952201128005981445e-01 -2.922938168048858643e-01 -1.470407098531723022e-01 2.223534323275089264e-02 9.446951746940612793e-01
2.925145924091339111e-01 5.168486833572387695e-01 7.047722935676574707e-01 -3.169538378715515137e-01 -1.518101841211318970e-01 1.216282509267330170e-02 9.361335635185241699e-01
2.905424833297729492e-01 5.184088945388793945e-01 7.087906002998352051e-01 -3.419630229473114014e-01 -1.559612154960632324e-01 2.805528929457068443e-03 9.266766309738159180e-01
2.870531082153320312e-01 5.237534642219543457e-01 7.181100249290466309e-01 -3.647223412990570068e-01 -1.608975827693939209e-01 -5.142455920577049255e-03 9.170950055122375488e-01
2.840427160263061523e-01 5.282301902770996094e-01 7.269173264503479004e-01 -3.864433467388153076e-01 -1.658386290073394775e-01 -1.116957422345876694e-02 9.072124361991882324e-01
2.805238068103790283e-01 5.337739586830139160e-01 7.360929250717163086e-01 -4.056661427021026611e-01 -1.716347783803939819e-01 -1.566566154360771179e-02 8.976253271102905273e-01
2.774828374385833740e-01 5.380405187606811523e-01 7.442638874053955078e-01 -4.232037961483001709e-01 -1.773503571748733521e-01 -1.781841740012168884e-02 8.883287310600280762e-01
2.750079333782196045e-01 5.426461696624755859e-01 7.524046897888183594e-01 -4.381734728813171387e-01 -1.848201453685760498e-01 -1.755842007696628571e-02 8.795096874237060547e-01
2.715784013271331787e-01 5.473810434341430664e-01 7.612457275390625000e-01 -4.513223767280578613e-01 -1.917538791894912720e-01 -1.514661218971014023e-02 8.713835477828979492e-01
2.681173086166381836e-01 5.522152185440063477e-01 7.700642347335815430e-01 -4.621105492115020752e-01 -1.996067762374877930e-01 -1.028591208159923553e-02 8.640053272247314453e-01
2.645656168460845947e-01 5.568668246269226074e-01 7.787786722183227539e-01 -4.706059098243713379e-01 -2.078212052583694458e-01 -3.095302730798721313e-03 8.575143218040466309e-01
2.611205279827117920e-01 5.616061687469482422e-01 7.876806259155273438e-01 -4.770252406597137451e-01 -2.166434824466705322e-01 6.286764517426490784e-03 8.517470955848693848e-01
2.559769153594970703e-01 5.671699047088623047e-01 7.985529303550720215e-01 -4.814113974571228027e-01 -2.261223942041397095e-01 1.661656796932220459e-02 8.466615676879882812e-01
2.519333958625793457e-01 5.719586610794067383e-01 8.076853752136230469e-01 -4.839232861995697021e-01 -2.356821596622467041e-01 2.940187416970729828e-02 8.422634601593017578e-01
2.473423033952713013e-01 5.764256119728088379e-01 8.171744346618652344e-01 -4.848252236843109131e-01 -2.456702739000320435e-01 4.366718977689743042e-02 8.382623791694641113e-01
2.421639561653137207e-01 5.813866257667541504e-01 8.271386623382568359e-01 -4.838465750217437744e-01 -2.562782764434814453e-01 5.962942168116569519e-02 8.346605896949768066e-01
2.369648218154907227e-01 5.858016014099121094e-01 8.365590572357177734e-01 -4.811436831951141357e-01 -2.667047977447509766e-01 7.629511505365371704e-02 8.315939307212829590e-01
2.310954928398132324e-01 5.900038480758666992e-01 8.457976579666137695e-01 -4.769298434257507324e-01 -2.771796286106109619e-01 9.445945918560028076e-02 8.287259936332702637e-01
2.236829996109008789e-01 5.941076278686523438e-01 8.554193973541259766e-01 -4.709308743476867676e-01 -2.879571914672851562e-01 1.130544617772102356e-01 8.261498212814331055e-01
2.162951827049255371e-01 5.978755950927734375e-01 8.641736507415771484e-01 -4.634558558464050293e-01 -2.987610399723052979e-01 1.328295618295669556e-01 8.235939145088195801e-01
2.077846527099609375e-01 6.010986566543579102e-01 8.723176717758178711e-01 -4.544516205787658691e-01 -3.095997571945190430e-01 1.530079394578933716e-01 8.211031556129455566e-01
1.980296671390533447e-01 6.044468879699707031e-01 8.794103860855102539e-01 -4.433622360229492188e-01 -3.200535774230957031e-01 1.734428852796554565e-01 8.190929889678955078e-01
1.886346638202667236e-01 6.088156700134277344e-01 8.861614465713500977e-01 -4.314242899417877197e-01 -3.308198451995849609e-01 1.945218145847320557e-01 8.164512515068054199e-01
1.800813674926757812e-01 6.149345040321350098e-01 8.930530548095703125e-01 -4.184046089649200439e-01 -3.412489295005798340e-01 2.149465978145599365e-01 8.138088583946228027e-01
1.717205643653869629e-01 6.189919710159301758e-01 9.006898403167724609e-01 -4.044795632362365723e-01 -3.512270152568817139e-01 2.355466932058334351e-01 8.108968734741210938e-01
1.628984808921813965e-01 6.221103668212890625e-01 9.080218076705932617e-01 -3.892919123172760010e-01 -3.612129688262939453e-01 2.559436261653900146e-01 8.077560663223266602e-01
1.538116335868835449e-01 6.246915459632873535e-01 9.148859381675720215e-01 -3.734784126281738281e-01 -3.705210089683532715e-01 2.757190167903900146e-01 8.044918179512023926e-01
1.449346542358398438e-01 6.271158456802368164e-01 9.212015271186828613e-01 -3.567497134208679199e-01 -3.793165385723114014e-01 2.950679957866668701e-01 8.011139035224914551e-01
1.363708972930908203e-01 6.300525665283203125e-01 9.274539351463317871e-01 -3.392587602138519287e-01 -3.880325257778167725e-01 3.138730227947235107e-01 7.973819375038146973e-01
1.282914280891418457e-01 6.325465440750122070e-01 9.334758520126342773e-01 -3.214815557003021240e-01 -3.964776098728179932e-01 3.317051827907562256e-01 7.933642864227294922e-01
1.199671030044555664e-01 6.353093981742858887e-01 9.387950897216796875e-01 -3.027018904685974121e-01 -4.044748246669769287e-01 3.486445844173431396e-01 7.894420027732849121e-01
1.122704744338989258e-01 6.380980014801025391e-01 9.439631700515747070e-01 -2.835077047348022461e-01 -4.122165143489837646e-01 3.648816347122192383e-01 7.852149009704589844e-01
1.045717000961303711e-01 6.407060027122497559e-01 9.487701654434204102e-01 -2.628934681415557861e-01 -4.200834631919860840e-01 3.781845569610595703e-01 7.819164991378784180e-01
9.742623567581176758e-02 6.433162689208984375e-01 9.532419443130493164e-01 -2.417349815368652344e-01 -4.275045990943908691e-01 3.904712796211242676e-01 7.786759734153747559e-01
8.985686302185058594e-02 6.454964280128479004e-01 9.577276706695556641e-01 -2.214689552783966064e-01 -4.341237545013427734e-01 4.022903740406036377e-01 7.750164866447448730e-01
8.323740959167480469e-02 6.470791697502136230e-01 9.616954326629638672e-01 -2.016664743423461914e-01 -4.399019777774810791e-01 4.139966368675231934e-01 7.709888815879821777e-01
7.630729675292968750e-02 6.496913433074951172e-01 9.656153917312622070e-01 -1.814571171998977661e-01 -4.455607533454895020e-01 4.260588586330413818e-01 7.661741971969604492e-01
6.972122192382812500e-02 6.514905691146850586e-01 9.693903326988220215e-01 -1.624248474836349487e-01 -4.504600763320922852e-01 4.373015463352203369e-01 7.612301111221313477e-01
6.344068050384521484e-02 6.536549329757690430e-01 9.727150797843933105e-01 -1.437679529190063477e-01 -4.554060697555541992e-01 4.488107264041900635e-01 7.553179264068603516e-01
5.624544620513916016e-02 6.551983356475830078e-01 9.749088287353515625e-01 -1.261950880289077759e-01 -4.593478441238403320e-01 4.597849845886230469e-01 7.494479417800903320e-01
4.996669292449951172e-02 6.562185287475585938e-01 9.767027497291564941e-01 -1.090894788503646851e-01 -4.630343019962310791e-01 4.703269302845001221e-01 7.432976365089416504e-01
4.390573501586914062e-02 6.569916605949401855e-01 9.785587191581726074e-01 -9.298390150070190430e-02 -4.665292203426361084e-01 4.804543554782867432e-01 7.367958426475524902e-01
3.870141506195068359e-02 6.579427719116210938e-01 9.800722599029541016e-01 -7.728405296802520752e-02 -4.701756536960601807e-01 4.901950359344482422e-01 7.298430204391479492e-01
3.340339660644531250e-02 6.584922075271606445e-01 9.814425706863403320e-01 -6.223425269126892090e-02 -4.735577404499053955e-01 4.991749525070190430e-01 7.229760885238647461e-01
2.865874767303466797e-02 6.595171093940734863e-01 9.829308390617370605e-01 -4.707868769764900208e-02 -4.773561954498291016e-01 5.060758590698242188e-01 7.167997956275939941e-01
2.330040931701660156e-02 6.631302833557128906e-01 9.838417768478393555e-01 -3.128797560930252075e-02 -4.803436398506164551e-01 5.152566432952880859e-01 7.090850472450256348e-01
1.925027370452880859e-02 6.637167930603027344e-01 9.850919842720031738e-01 -1.772918924689292908e-02 -4.834278523921966553e-01 5.214044451713562012e-01 7.029371857643127441e-01
1.481616497039794922e-02 6.646282076835632324e-01 9.858483076095581055e-01 -4.990392830222845078e-03 -4.860982596874237061e-01 5.274168252944946289e-01 6.967891454696655273e-01
1.017832756042480469e-02 6.662526130676269531e-01 9.871766567230224609e-01 -2.991624176502227783e-03 -4.925191104412078857e-01 5.276688337326049805e-01 6.920850276947021484e-01
6.135702133178710938e-03 6.669490933418273926e-01 9.884941577911376953e-01 -1.567243365570902824e-03 -4.988429546356201172e-01 5.274369120597839355e-01 6.877235770225524902e-01
3.105044364929199219e-03 6.673517823219299316e-01 9.895143508911132812e-01 -3.013756067957729101e-04 -5.049818754196166992e-01 5.271214842796325684e-01 6.834735870361328125e-01
9.644031524658203125e-04 6.678008437156677246e-01 9.903309941291809082e-01 8.959815022535622120e-04 -5.105220079421997070e-01 5.271070003509521484e-01 6.793560981750488281e-01
-1.306891441345214844e-03 6.681905984878540039e-01 9.918161630630493164e-01 1.891089021228253841e-03 -5.158603787422180176e-01 5.270829796791076660e-01 6.753281950950622559e-01
-3.336787223815917969e-03 6.681755185127258301e-01 9.921663403511047363e-01 2.850064774975180626e-03 -5.199018120765686035e-01 5.270262360572814941e-01 6.722629070281982422e-01
-5.413293838500976562e-03 6.682056188583374023e-01 9.930100440979003906e-01 3.702561138197779655e-03 -5.241827964782714844e-01 5.268563032150268555e-01 6.690599322319030762e-01
-6.088495254516601562e-03 6.684178709983825684e-01 9.938476681709289551e-01 4.093420691788196564e-03 -5.277534723281860352e-01 5.273845195770263672e-01 6.658266782760620117e-01
-7.957816123962402344e-03 6.687366366386413574e-01 9.947772622108459473e-01 4.704444669187068939e-03 -5.306787490844726562e-01 5.275333523750305176e-01 6.633750796318054199e-01
-9.045481681823730469e-03 6.691100001335144043e-01 9.955227375030517578e-01 4.994015675038099289e-03 -5.328003764152526855e-01 5.281413793563842773e-01 6.611850261688232422e-01
-9.047389030456542969e-03 6.691917777061462402e-01 9.955394268035888672e-01 4.927318077534437180e-03 -5.338542461395263672e-01 5.286923050880432129e-01 6.598938703536987305e-01
-1.098978519439697266e-02 6.694170832633972168e-01 9.961986541748046875e-01 5.074254702776670456e-03 -5.343031287193298340e-01 5.292080640792846680e-01 6.591156125068664551e-01
-1.243722438812255859e-02 6.691431999206542969e-01 9.964016079902648926e-01 4.581839777529239655e-03 -5.336800813674926758e-01 5.299272537231445312e-01 6.590460538864135742e-01
-1.173257827758789062e-02 6.694717407226562500e-01 9.963136315345764160e-01 4.211943130940198898e-03 -5.328918099403381348e-01 5.304197072982788086e-01 6.592901945114135742e-01
-1.230204105377197266e-02 6.701648831367492676e-01 9.977598190307617188e-01 3.338149981573224068e-03 -5.316647291183471680e-01 5.311949849128723145e-01 6.596616506576538086e-01
-1.185917854309082031e-02 6.700828075408935547e-01 9.975284934043884277e-01 1.958151347935199738e-03 -5.284964442253112793e-01 5.321230888366699219e-01 6.614624857902526855e-01
-1.195096969604492188e-02 6.702424287796020508e-01 9.975998997688293457e-01 1.282397424802184105e-03 -5.248123407363891602e-01 5.319993495941162109e-01 6.644901037216186523e-01
-1.278090476989746094e-02 6.707628369331359863e-01 9.982271194458007812e-01 1.061609713360667229e-03 -5.205184817314147949e-01 5.317705273628234863e-01 6.680415868759155273e-01
-1.329803466796875000e-02 6.708253026008605957e-01 9.988886117935180664e-01 -5.605355909210629761e-05 -5.149499773979187012e-01 5.315511226654052734e-01 6.725176572799682617e-01
-1.468873023986816406e-02 6.709504127502441406e-01 9.992706179618835449e-01 -1.017680857330560684e-03 -5.082703232765197754e-01 5.309294462203979492e-01 6.780665516853332520e-01
-1.494145393371582031e-02 6.710020899772644043e-01 9.997411966323852539e-01 -1.486517582088708878e-02 -5.054348707199096680e-01 5.215619802474975586e-01 6.872318983078002930e-01
-1.616632938385009766e-02 6.712949275970458984e-01 1.000836372375488281e+00 -2.928304113447666168e-02 -5.022628307342529297e-01 5.106779932975769043e-01 6.971963047981262207e-01
-1.794779300689697266e-02 6.709546446800231934e-01 1.002139925956726074e+00 -4.617555439472198486e-02 -4.978232979774475098e-01 4.989125132560729980e-01 7.079026699066162109e-01
-1.918470859527587891e-02 6.705977320671081543e-01 1.003605961799621582e+00 -6.379026919603347778e-02 -4.932058751583099365e-01 4.856618046760559082e-01 7.188960313796997070e-01
-2.165353298187255859e-02 6.712602972984313965e-01 1.005291461944580078e+00 -8.193146437406539917e-02 -4.876252412796020508e-01 4.715559184551239014e-01 7.301670312881469727e-01
-2.357625961303710938e-02 6.710435152053833008e-01 1.006411433219909668e+00 -1.006228476762771606e-01 -4.810690879821777344e-01 4.564087092876434326e-01 7.417133450508117676e-01
-2.549874782562255859e-02 6.707263588905334473e-01 1.007893919944763184e+00 -1.201914101839065552e-01 -4.739548861980438232e-01 4.402839541435241699e-01 7.530410885810852051e-01
-2.817821502685546875e-02 6.704832315444946289e-01 1.009401559829711914e+00 -1.396692842245101929e-01 -4.663105309009552002e-01 4.231802225112915039e-01 7.641763687133789062e-01
-3.028106689453125000e-02 6.711676120758056641e-01 1.011749744415283203e+00 -1.591269820928573608e-01 -4.585991501808166504e-01 4.054643511772155762e-01 7.745735049247741699e-01
-3.267091512680053711e-02 6.709753870964050293e-01 1.013725638389587402e+00 -1.788469702005386353e-01 -4.502833187580108643e-01 3.872822523117065430e-01 7.843922972679138184e-01
-3.518915176391601562e-02 6.703962087631225586e-01 1.015393257141113281e+00 -1.984646767377853394e-01 -4.412745237350463867e-01 3.684504926204681396e-01 7.938091158866882324e-01
-3.718096017837524414e-02 6.700976490974426270e-01 1.016907930374145508e+00 -2.176305651664733887e-01 -4.321077764034271240e-01 3.492902815341949463e-01 8.024439215660095215e-01
-3.949803113937377930e-02 6.697778701782226562e-01 1.018170118331909180e+00 -2.363045811653137207e-01 -4.227199852466583252e-01 3.300977051258087158e-01 8.102490901947021484e-01
-4.149430990219116211e-02 6.696691513061523438e-01 1.019390940666198730e+00 -2.542940378189086914e-01 -4.134507477283477783e-01 3.113400340080261230e-01 8.169825077056884766e-01
-4.302215576171875000e-02 6.694044470787048340e-01 1.020403027534484863e+00 -2.712677717208862305e-01 -4.044313728809356689e-01 2.924837768077850342e-01 8.229838013648986816e-01
-4.435431957244873047e-02 6.693004965782165527e-01 1.021194934844970703e+00 -2.873603105545043945e-01 -3.956442475318908691e-01 2.741805016994476318e-01 8.280789852142333984e-01
-4.550307989120483398e-02 6.691651344299316406e-01 1.021786689758300781e+00 -3.025523424148559570e-01 -3.870036303997039795e-01 2.563900053501129150e-01 8.324388861656188965e-01
-4.635721445083618164e-02 6.690642833709716797e-01 1.022351026535034180e+00 -3.164658844470977783e-01 -3.793440461158752441e-01 2.399298250675201416e-01 8.356919884681701660e-01
-4.710480570793151855e-02 6.689385771751403809e-01 1.022737026214599609e+00 -3.291469812393188477e-01 -3.721034824848175049e-01 2.240517586469650269e-01 8.384522199630737305e-01
-4.766899347305297852e-02 6.690837144851684570e-01 1.022993087768554688e+00 -3.404323458671569824e-01 -3.657451570034027100e-01 2.098161429166793823e-01 8.404246568679809570e-01
-4.798716306686401367e-02 6.692022681236267090e-01 1.023012638092041016e+00 -3.502822816371917725e-01 -3.603465259075164795e-01 1.967758536338806152e-01 8.418622612953186035e-01
-4.830995202064514160e-02 6.692457199096679688e-01 1.023217082023620605e+00 -3.588010072708129883e-01 -3.561376929283142090e-01 1.851172596216201782e-01 8.427096009254455566e-01
-4.866728186607360840e-02 6.692187786102294922e-01 1.023406744003295898e+00 -3.660010397434234619e-01 -3.528153002262115479e-01 1.745897233486175537e-01 8.432574272155761719e-01
-4.912373423576354980e-02 6.691348552703857422e-01 1.023633718490600586e+00 -3.721344172954559326e-01 -3.499545156955718994e-01 1.652213484048843384e-01 8.436526060104370117e-01
-4.945406317710876465e-02 6.690471768379211426e-01 1.023924589157104492e+00 -3.774479925632476807e-01 -3.478049933910369873e-01 1.572451144456863403e-01 8.437053561210632324e-01
-4.999518394470214844e-02 6.688641309738159180e-01 1.024239540100097656e+00 -3.817472755908966064e-01 -3.461687564849853516e-01 1.497439742088317871e-01 8.438086509704589844e-01
-5.075773596763610840e-02 6.688540577888488770e-01 1.024593591690063477e+00 -3.854138255119323730e-01 -3.447778820991516113e-01 1.433094143867492676e-01 8.438287377357482910e-01
-5.151462554931640625e-02 6.686918735504150391e-01 1.024975061416625977e+00 -3.884671032428741455e-01 -3.434373736381530762e-01 1.373988538980484009e-01 8.439583778381347656e-01
-5.241331458091735840e-02 6.685479283332824707e-01 1.025358200073242188e+00 -3.909257948398590088e-01 -3.419973850250244141e-01 1.323493421077728271e-01 8.442147374153137207e-01
-5.352276563644409180e-02 6.684453487396240234e-01 1.025868415832519531e+00 -3.931680321693420410e-01 -3.404797911643981934e-01 1.278810799121856689e-01 8.444755077362060547e-01
-5.467584729194641113e-02 6.682612895965576172e-01 1.026390314102172852e+00 -3.949831128120422363e-01 -3.385672569274902344e-01 1.239047124981880188e-01 8.449901342391967773e-01
-5.573853850364685059e-02 6.679942607879638672e-01 1.026960968971252441e+00 -3.966704607009887695e-01 -3.363031148910522461e-01 1.201257556676864624e-01 8.456492424011230469e-01
-5.703833699226379395e-02 6.677121520042419434e-01 1.027551651000976562e+00 -3.981793820858001709e-01 -3.333773314952850342e-01 1.162655055522918701e-01 8.466375470161437988e-01
-5.838212370872497559e-02 6.673476099967956543e-01 1.028158903121948242e+00 -3.997639417648315430e-01 -3.296757042407989502e-01 1.125558093190193176e-01 8.478407263755798340e-01
-5.989739298820495605e-02 6.670284867286682129e-01 1.028763651847839355e+00 -4.013333022594451904e-01 -3.250144124031066895e-01 1.088221594691276550e-01 8.493850827217102051e-01
-6.157726049423217773e-02 6.666517853736877441e-01 1.029379963874816895e+00 -4.030436277389526367e-01 -3.192088901996612549e-01 1.047946661710739136e-01 8.512811660766601562e-01
-6.320840120315551758e-02 6.661660075187683105e-01 1.030090093612670898e+00 -4.051568210124969482e-01 -3.122462034225463867e-01 1.005005314946174622e-01 8.533756136894226074e-01
-6.498976051807403564e-02 6.657387018203735352e-01 1.030744075775146484e+00 -4.075123369693756104e-01 -3.037617504596710205e-01 9.600342065095901489e-02 8.558304905891418457e-01
-6.698949635028839111e-02 6.652661561965942383e-01 1.031520605087280273e+00 -4.104001820087432861e-01 -2.936260104179382324e-01 9.078206121921539307e-02 8.585534691810607910e-01
-6.905478239059448242e-02 6.647047400474548340e-01 1.032219886779785156e+00 -4.138782918453216553e-01 -2.815258800983428955e-01 8.489815890789031982e-02 8.615337014198303223e-01
-7.109099626541137695e-02 6.640727519989013672e-01 1.032977342605590820e+00 -4.178584814071655273e-01 -2.677119970321655273e-01 7.823627442121505737e-02 8.646407723426818848e-01
-7.345670461654663086e-02 6.634655594825744629e-01 1.033662080764770508e+00 -4.221083223819732666e-01 -2.518810033798217773e-01 7.110378891229629517e-02 8.679429292678833008e-01
-7.581180334091186523e-02 6.627919673919677734e-01 1.034376382827758789e+00 -4.266352057456970215e-01 -2.348158210515975952e-01 6.324872374534606934e-02 8.711162805557250977e-01
-7.823040336370468140e-02 6.620237231254577637e-01 1.035116195678710938e+00 -4.313843548297882080e-01 -2.162870615720748901e-01 5.503940209746360779e-02 8.741270899772644043e-01
-8.072190731763839722e-02 6.612443327903747559e-01 1.035826444625854492e+00 -4.361148774623870850e-01 -1.970582306385040283e-01 4.652788117527961731e-02 8.768164515495300293e-01
-8.335420489311218262e-02 6.604032516479492188e-01 1.036469101905822754e+00 -4.406281411647796631e-01 -1.766452938318252563e-01 3.770244866609573364e-02 8.793303966522216797e-01
-8.618721365928649902e-02 6.596048474311828613e-01 1.037152528762817383e+00 -4.449870586395263672e-01 -1.556532233953475952e-01 2.866332046687602997e-02 8.814403414726257324e-01
-8.901815116405487061e-02 6.586605906486511230e-01 1.037795305252075195e+00 -4.491402804851531982e-01 -1.342909336090087891e-01 1.988953724503517151e-02 8.830873966217041016e-01
-9.195075929164886475e-02 6.576685905456542969e-01 1.038349032402038574e+00 -4.526760876178741455e-01 -1.130611747503280640e-01 1.120714098215103149e-02 8.844071626663208008e-01
-9.496007859706878662e-02 6.566083431243896484e-01 1.038948535919189453e+00 -4.559147059917449951e-01 -9.200023859739303589e-02 2.911826130002737045e-03 8.852510452270507812e-01
-9.803669899702072144e-02 6.554918289184570312e-01 1.039439439773559570e+00 -4.583921134471893311e-01 -7.143540680408477783e-02 -5.068555474281311035e-03 8.858600854873657227e-01
-1.011638790369033813e-01 6.545214653015136719e-01 1.039927124977111816e+00 -4.602961242198944092e-01 -5.161584913730621338e-02 -1.260328292846679688e-02 8.861740827560424805e-01
-1.044869944453239441e-01 6.536751985549926758e-01 1.040350675582885742e+00 -4.616067707538604736e-01 -3.238441050052642822e-02 -1.943735964596271515e-02 8.862802386283874512e-01
-1.077359467744827271e-01 6.525149941444396973e-01 1.040733098983764648e+00 -4.621591269969940186e-01 -1.496322173625230789e-02 -2.516270242631435394e-02 8.863136768341064453e-01
-1.112608462572097778e-01 6.513106226921081543e-01 1.041110396385192871e+00 -4.621400535106658936e-01 1.581165124662220478e-03 -2.946801111102104187e-02 8.863158822059631348e-01
-1.147384345531463623e-01 6.501371264457702637e-01 1.041461467742919922e+00 -4.611852765083312988e-01 1.673416420817375183e-02 -3.145530074834823608e-02 8.865882158279418945e-01
-1.183655187487602234e-01 6.491160392761230469e-01 1.041771888732910156e+00 -4.593581259250640869e-01 2.945169992744922638e-02 -3.331794962286949158e-02 8.871373534202575684e-01
-1.221239864826202393e-01 6.478632092475891113e-01 1.042047500610351562e+00 -4.570993185043334961e-01 3.920682147145271301e-02 -3.509420156478881836e-02 8.878577947616577148e-01
-1.258599609136581421e-01 6.463264226913452148e-01 1.042341828346252441e+00 -4.543183445930480957e-01 4.568179324269294739e-02 -3.642558306455612183e-02 8.889213800430297852e-01
-1.300159543752670288e-01 6.447984576225280762e-01 1.042578935623168945e+00 -4.507504701614379883e-01 4.907174035906791687e-02 -3.808393701910972595e-02 8.904861807823181152e-01
-1.339789628982543945e-01 6.436201930046081543e-01 1.042718172073364258e+00 -4.459151625633239746e-01 5.073207244277000427e-02 -3.486073762178421021e-02 8.929561376571655273e-01
-1.380123496055603027e-01 6.423490047454833984e-01 1.042911529541015625e+00 -4.405324757099151611e-01 4.907774925231933594e-02 -3.033690340816974640e-02 8.958806991577148438e-01
-1.420666724443435669e-01 6.408669948577880859e-01 1.043121457099914551e+00 -4.342347979545593262e-01 4.490876197814941406e-02 -2.426047064363956451e-02 8.993524312973022461e-01
-1.463266909122467041e-01 6.393373012542724609e-01 1.043538808822631836e+00 -4.276100099086761475e-01 3.848834335803985596e-02 -1.648537628352642059e-02 9.029931426048278809e-01
-1.506615281105041504e-01 6.379672884941101074e-01 1.043840408325195312e+00 -4.195907711982727051e-01 2.981947176158428192e-02 -7.748826872557401657e-03 9.071903824806213379e-01
-1.551303118467330933e-01 6.361990571022033691e-01 1.044309020042419434e+00 -4.112859070301055908e-01 1.963558606803417206e-02 2.192592015489935875e-03 9.112922549247741699e-01
-1.594931036233901978e-01 6.345002651214599609e-01 1.044803977012634277e+00 -4.019306302070617676e-01 7.713012862950563431e-03 1.380765531212091446e-02 9.155335426330566406e-01
-1.645278930664062500e-01 6.323196291923522949e-01 1.045733571052551270e+00 -3.926362991333007812e-01 -5.447735544294118881e-03 2.588055655360221863e-02 9.193134903907775879e-01
-1.693972945213317871e-01 6.305735707283020020e-01 1.046219468116760254e+00 -3.814677596092224121e-01 -1.991342380642890930e-02 3.852266445755958557e-02 9.233644008636474609e-01
-1.742811799049377441e-01 6.284921765327453613e-01 1.046973705291748047e+00 -3.699149489402770996e-01 -3.539330512285232544e-02 5.243606865406036377e-02 9.269092679023742676e-01
-1.789182573556900024e-01 6.260714530944824219e-01 1.047992467880249023e+00 -3.580901026725769043e-01 -5.157563835382461548e-02 6.720102578401565552e-02 9.298362135887145996e-01
-1.840277016162872314e-01 6.244378685951232910e-01 1.049150943756103516e+00 -3.451543450355529785e-01 -6.799241155385971069e-02 8.187037706375122070e-02 9.324927330017089844e-01
-1.890465021133422852e-01 6.222494840621948242e-01 1.050330638885498047e+00 -3.317198455333709717e-01 -8.466330170631408691e-02 9.744819253683090210e-02 9.345041513442993164e-01
-1.939541995525360107e-01 6.200690269470214844e-01 1.051759243011474609e+00 -3.176169097423553467e-01 -1.013902276754379272e-01 1.138156354427337646e-01 9.358876347541809082e-01
-1.983293741941452026e-01 6.176126003265380859e-01 1.053208708763122559e+00 -3.033223450183868408e-01 -1.179676875472068787e-01 1.313153207302093506e-01 9.363949894905090332e-01
-2.033641338348388672e-01 6.151579022407531738e-01 1.054895639419555664e+00 -2.884428799152374268e-01 -1.335390955209732056e-01 1.481340378522872925e-01 9.364958405494689941e-01
-2.084531486034393311e-01 6.127786040306091309e-01 1.056875824928283691e+00 -2.732977569103240967e-01 -1.484199315309524536e-01 1.652584820985794067e-01 9.359323978424072266e-01
-2.139915823936462402e-01 6.108191013336181641e-01 1.058953285217285156e+00 -2.574752569198608398e-01 -1.624753326177597046e-01 1.820407807826995850e-01 9.349702596664428711e-01
-2.190491557121276855e-01 6.084828376770019531e-01 1.060795664787292480e+00 -2.416788637638092041e-01 -1.747315973043441772e-01 1.988357007503509521e-01 9.335548281669616699e-01
-2.235042601823806763e-01 6.062338352203369141e-01 1.062682867050170898e+00 -2.261421382427215576e-01 -1.857213675975799561e-01 2.157303094863891602e-01 9.315727353096008301e-01
-2.280012965202331543e-01 6.041951775550842285e-01 1.064245700836181641e+00 -2.103379666805267334e-01 -1.949846744537353516e-01 2.319214493036270142e-01 9.294898509979248047e-01
-2.308673560619354248e-01 6.030754446983337402e-01 1.065839767456054688e+00 -1.942305117845535278e-01 -2.037883400917053223e-01 2.485583722591400146e-01 9.268029332160949707e-01
-2.338282763957977295e-01 6.010621190071105957e-01 1.067220091819763184e+00 -1.791018396615982056e-01 -2.103466391563415527e-01 2.647064030170440674e-01 9.239087700843811035e-01
-2.368257492780685425e-01 5.995076298713684082e-01 1.068523406982421875e+00 -1.642509847879409790e-01 -2.152462750673294067e-01 2.806048989295959473e-01 9.208428263664245605e-01
-2.392984479665756226e-01 5.983378291130065918e-01 1.069583535194396973e+00 -1.492238044738769531e-01 -2.193457931280136108e-01 2.959506213665008545e-01 9.176235198974609375e-01
-2.412959933280944824e-01 5.969772934913635254e-01 1.070192933082580566e+00 -1.350915580987930298e-01 -2.216125577688217163e-01 3.107384145259857178e-01 9.143740534782409668e-01
-2.428825646638870239e-01 5.956251621246337891e-01 1.070854902267456055e+00 -1.214362680912017822e-01 -2.232436835765838623e-01 3.246541917324066162e-01 9.110517501831054688e-01
-2.444830983877182007e-01 5.956068634986877441e-01 1.071560502052307129e+00 -1.078503206372261047e-01 -2.244573980569839478e-01 3.384371101856231689e-01 9.074401259422302246e-01
-2.460425347089767456e-01 5.945520997047424316e-01 1.071854352951049805e+00 -9.500839561223983765e-02 -2.242647707462310791e-01 3.511204719543457031e-01 9.040980339050292969e-01
-2.470011264085769653e-01 5.943708419799804688e-01 1.071746468544006348e+00 -8.241789788007736206e-02 -2.235635966062545776e-01 3.633704185485839844e-01 9.006601572036743164e-01
-2.477972954511642456e-01 5.938253998756408691e-01 1.072004556655883789e+00 -7.094860076904296875e-02 -2.224403172731399536e-01 3.737793862819671631e-01 8.976500630378723145e-01
-2.485597729682922363e-01 5.946022272109985352e-01 1.071551084518432617e+00 -5.911037698388099670e-02 -2.208593338727951050e-01 3.845696747303009033e-01 8.943340182304382324e-01
-2.491159588098526001e-01 5.954867601394653320e-01 1.071598052978515625e+00 -4.825671017169952393e-02 -2.193151712417602539e-01 3.942921161651611328e-01 8.911262154579162598e-01
-2.494431138038635254e-01 5.957461595535278320e-01 1.072090864181518555e+00 -3.869749605655670166e-02 -2.176567912101745605e-01 4.030127823352813721e-01 8.880928158760070801e-01
-2.496860474348068237e-01 5.955300331115722656e-01 1.073058605194091797e+00 -3.058142960071563721e-02 -2.164088189601898193e-01 4.108652174472808838e-01 8.851112127304077148e-01
-2.512588500976562500e-01 5.945083498954772949e-01 1.073153734207153320e+00 -2.330188639461994171e-02 -2.137373238801956177e-01 4.173254072666168213e-01 8.829569220542907715e-01
-2.532546222209930420e-01 5.942004919052124023e-01 1.073970437049865723e+00 -1.656763441860675812e-02 -2.119740992784500122e-01 4.230890274047851562e-01 8.807883858680725098e-01
-2.563903331756591797e-01 5.923053026199340820e-01 1.075810432434082031e+00 -1.178623735904693604e-02 -2.097917497158050537e-01 4.270363748073577881e-01 8.794819712638854980e-01
-2.589849829673767090e-01 5.913169384002685547e-01 1.076412916183471680e+00 -7.093800231814384460e-03 -2.085924744606018066e-01 4.296275675296783447e-01 8.785550594329833984e-01
-2.609422504901885986e-01 5.909473896026611328e-01 1.077254652976989746e+00 -3.603062592446804047e-03 -2.082943767309188843e-01 4.314811527729034424e-01 8.777383565902709961e-01
-2.640651166439056396e-01 5.892571210861206055e-01 1.078559756278991699e+00 -3.922618459910154343e-03 -2.084863930940628052e-01 4.314480721950531006e-01 8.777076005935668945e-01
-2.664068341255187988e-01 5.879835486412048340e-01 1.079800486564636230e+00 -3.686906071379780769e-03 -2.095207124948501587e-01 4.307805001735687256e-01 8.777902126312255859e-01
-2.697600722312927246e-01 5.844665765762329102e-01 1.080814003944396973e+00 -4.169675987213850021e-03 -2.104907333850860596e-01 4.282674491405487061e-01 8.787851333618164062e-01
-2.743092775344848633e-01 5.810184478759765625e-01 1.081325531005859375e+00 -4.613167606294155121e-03 -2.111448794603347778e-01 4.254228174686431885e-01 8.800068497657775879e-01
-2.766465544700622559e-01 5.744428634643554688e-01 1.083560943603515625e+00 -1.026532519608736038e-02 -2.142336666584014893e-01 4.206042289733886719e-01 8.815274834632873535e-01
-2.804965078830718994e-01 5.721651315689086914e-01 1.083461523056030273e+00 -1.298504229635000229e-02 -2.170642018318176270e-01 4.159324765205383301e-01 8.830146193504333496e-01
-2.853120565414428711e-01 5.688644647598266602e-01 1.083550095558166504e+00 -1.728308945894241333e-02 -2.200430929660797119e-01 4.104166626930236816e-01 8.847827911376953125e-01
-2.901398539543151855e-01 5.656378269195556641e-01 1.082048296928405762e+00 -2.160988189280033112e-02 -2.229479104280471802e-01 4.041845202445983887e-01 8.868269920349121094e-01
-2.949913442134857178e-01 5.635039806365966797e-01 1.080422520637512207e+00 -2.606532722711563110e-02 -2.264353036880493164e-01 3.976110219955444336e-01 8.887930512428283691e-01
-3.017024993896484375e-01 5.600113868713378906e-01 1.078682780265808105e+00 -3.124721162021160126e-02 -2.295076400041580200e-01 3.902305066585540771e-01 8.911060690879821777e-01
-3.064916729927062988e-01 5.558197498321533203e-01 1.077402234077453613e+00 -3.791737183928489685e-02 -2.339943796396255493e-01 3.819782435894012451e-01 8.932533860206604004e-01
-3.099633455276489258e-01 5.516548752784729004e-01 1.076760411262512207e+00 -4.574939981102943420e-02 -2.392680644989013672e-01 3.735195994377136230e-01 8.950647711753845215e-01
-3.189194798469543457e-01 5.478161573410034180e-01 1.073461294174194336e+00 -5.167457833886146545e-02 -2.414966821670532227e-01 3.646278679370880127e-01 8.978060483932495117e-01
-3.234137296676635742e-01 5.424278378486633301e-01 1.071954965591430664e+00 -6.095072627067565918e-02 -2.459292113780975342e-01 3.555308282375335693e-01 8.996675610542297363e-01
-3.303788900375366211e-01 5.394479036331176758e-01 1.069960594177246094e+00 -6.789691001176834106e-02 -2.502000927925109863e-01 3.464712202548980713e-01 9.015252590179443359e-01
-3.377477228641510010e-01 5.356900691986083984e-01 1.067952752113342285e+00 -7.568342983722686768e-02 -2.543767690658569336e-01 3.371235728263854980e-01 9.032785892486572266e-01
-3.437980115413665771e-01 5.331095457077026367e-01 1.066344976425170898e+00 -8.346237242221832275e-02 -2.595079541206359863e-01 3.282475173473358154e-01 9.044021368026733398e-01
-3.532354831695556641e-01 5.308246612548828125e-01 1.062963604927062988e+00 -9.024507552385330200e-02 -2.625784575939178467e-01 3.190035223960876465e-01 9.061706066131591797e-01
-3.607719540596008301e-01 5.279302597045898438e-01 1.059884786605834961e+00 -9.768275916576385498e-02 -2.665078043937683105e-01 3.103211224079132080e-01 9.072665572166442871e-01
-3.697212338447570801e-01 5.258136987686157227e-01 1.055752277374267578e+00 -1.037660911679267883e-01 -2.698238193988800049e-01 3.019076287746429443e-01 9.084489941596984863e-01
-3.783066272735595703e-01 5.235930085182189941e-01 1.051473617553710938e+00 -1.096078976988792419e-01 -2.727125287055969238e-01 2.943433523178100586e-01 9.093822836875915527e-01
-3.868427872657775879e-01 5.203167200088500977e-01 1.047141671180725098e+00 -1.157698109745979309e-01 -2.756581306457519531e-01 2.868146896362304688e-01 9.101359248161315918e-01
-3.951720595359802246e-01 5.167959928512573242e-01 1.043295979499816895e+00 -1.220535710453987122e-01 -2.790098488330841064e-01 2.796402871608734131e-01 9.105261564254760742e-01
-4.040171504020690918e-01 5.130356550216674805e-01 1.038573622703552246e+00 -1.280695945024490356e-01 -2.816546559333801270e-01 2.728062570095062256e-01 9.109586477279663086e-01
-4.139336645603179932e-01 5.093365311622619629e-01 1.033111810684204102e+00 -1.333905607461929321e-01 -2.831771969795227051e-01 2.662926912307739258e-01 9.116500616073608398e-01
-4.234322011470794678e-01 5.050904154777526855e-01 1.028269290924072266e+00 -1.389740556478500366e-01 -2.853386700153350830e-01 2.601540386676788330e-01 9.119145274162292480e-01
-4.315174221992492676e-01 4.987933039665222168e-01 1.023076295852661133e+00 -1.461602449417114258e-01 -2.874845862388610840e-01 2.531223893165588379e-01 9.120959043502807617e-01
-4.408621788024902344e-01 4.938382506370544434e-01 1.017718672752380371e+00 -1.517489105463027954e-01 -2.894929945468902588e-01 2.468142211437225342e-01 9.122768044471740723e-01
-4.505001306533813477e-01 4.881485104560852051e-01 1.012392044067382812e+00 -1.575464904308319092e-01 -2.910656332969665527e-01 2.405655980110168457e-01 9.124627113342285156e-01
-4.602729082107543945e-01 4.823400974273681641e-01 1.006162643432617188e+00 -1.630995273590087891e-01 -2.921620905399322510e-01 2.347662001848220825e-01 9.126471281051635742e-01
-4.675981402397155762e-01 4.762839972972869873e-01 9.980973005294799805e-01 -1.678163558244705200e-01 -2.934640347957611084e-01 2.294000834226608276e-01 9.127388596534729004e-01
-4.731118381023406982e-01 4.696514606475830078e-01 9.887890815734863281e-01 -1.730537712574005127e-01 -2.945604324340820312e-01 2.238966673612594604e-01 9.127743244171142578e-01
-4.759230613708496094e-01 4.637382626533508301e-01 9.799962043762207031e-01 -1.783785521984100342e-01 -2.966151535511016846e-01 2.182696312665939331e-01 9.124466776847839355e-01
-4.801550507545471191e-01 4.569993317127227783e-01 9.705433845520019531e-01 -1.840143054723739624e-01 -2.974624931812286377e-01 2.124997079372406006e-01 9.124137163162231445e-01
-4.835607409477233887e-01 4.500681757926940918e-01 9.615637063980102539e-01 -1.896673738956451416e-01 -2.984915673732757568e-01 2.068160027265548706e-01 9.122260212898254395e-01
-4.870238304138183594e-01 4.431978166103363037e-01 9.523916244506835938e-01 -1.951820701360702515e-01 -2.991103231906890869e-01 2.012033611536026001e-01 9.121152758598327637e-01
-4.901410341262817383e-01 4.357722103595733643e-01 9.439772367477416992e-01 -2.009870857000350952e-01 -2.999851405620574951e-01 1.948279142379760742e-01 9.119513034820556641e-01
-4.930850565433502197e-01 4.283987283706665039e-01 9.357226490974426270e-01 -2.069344967603683472e-01 -3.004990518093109131e-01 1.884098500013351440e-01 9.118005633354187012e-01
-4.966765344142913818e-01 4.192610979080200195e-01 9.269256591796875000e-01 -2.137174457311630249e-01 -3.001352548599243164e-01 1.809833794832229614e-01 9.118600487709045410e-01
-4.993651807308197021e-01 4.111212790012359619e-01 9.185501337051391602e-01 -2.195789515972137451e-01 -3.006421625614166260e-01 1.740838885307312012e-01 9.116437435150146484e-01
-5.019156336784362793e-01 4.021100401878356934e-01 9.102547168731689453e-01 -2.260902822017669678e-01 -3.009401261806488037e-01 1.666835546493530273e-01 9.113368391990661621e-01
-5.043920278549194336e-01 3.931945562362670898e-01 9.021843671798706055e-01 -2.324739098548889160e-01 -3.011324107646942139e-01 1.591836810111999512e-01 9.110081195831298828e-01
-5.066352486610412598e-01 3.840169906616210938e-01 8.943226337432861328e-01 -2.389452010393142700e-01 -3.010922968387603760e-01 1.513204872608184814e-01 9.106869697570800781e-01
-5.085575580596923828e-01 3.752999007701873779e-01 8.870363235473632812e-01 -2.452914714813232422e-01 -3.013629615306854248e-01 1.434220373630523682e-01 9.101881980895996094e-01
-5.104603171348571777e-01 3.664116561412811279e-01 8.799630403518676758e-01 -2.520297467708587646e-01 -3.014475107192993164e-01 1.354085355997085571e-01 9.095465540885925293e-01
-5.120784640312194824e-01 3.567017912864685059e-01 8.721494078636169434e-01 -2.588775455951690674e-01 -3.011101186275482178e-01 1.264948993921279907e-01 9.090182781219482422e-01
-5.140759944915771484e-01 3.473583459854125977e-01 8.649379014968872070e-01 -2.657934427261352539e-01 -3.005157709121704102e-01 1.176235675811767578e-01 9.084101319313049316e-01
-5.158072710037231445e-01 3.377259969711303711e-01 8.581423759460449219e-01 -2.729936242103576660e-01 -3.001232743263244629e-01 1.085596755146980286e-01 9.075325727462768555e-01
-5.169823169708251953e-01 3.283669650554656982e-01 8.516458272933959961e-01 -2.801636457443237305e-01 -2.999803125858306885e-01 9.987672418355941772e-02 9.063910841941833496e-01
-5.189476013183593750e-01 3.189700543880462646e-01 8.447424173355102539e-01 -2.871114611625671387e-01 -2.992242574691772461e-01 9.064806252717971802e-02 9.054362177848815918e-01
-5.208398699760437012e-01 3.097487092018127441e-01 8.377401828765869141e-01 -2.938564419746398926e-01 -2.982257008552551270e-01 8.085759729146957397e-02 9.045285582542419434e-01
-5.223945379257202148e-01 3.001933097839355469e-01 8.312700986862182617e-01 -3.010860681533813477e-01 -2.975100576877593994e-01 7.146497070789337158e-02 9.031764864921569824e-01
-5.234302878379821777e-01 2.902787327766418457e-01 8.248060941696166992e-01 -3.081988990306854248e-01 -2.970640659332275391e-01 6.209572404623031616e-02 9.016155600547790527e-01
-5.251660346984863281e-01 2.808651626110076904e-01 8.184381723403930664e-01 -3.152797520160675049e-01 -2.960124015808105469e-01 5.239751189947128296e-02 9.001277089118957520e-01
-5.266459584236145020e-01 2.715829908847808838e-01 8.120536804199218750e-01 -3.221504986286163330e-01 -2.951657176017761230e-01 4.314154013991355896e-02 8.984626531600952148e-01
-5.278185606002807617e-01 2.624923586845397949e-01 8.057507276535034180e-01 -3.290588855743408203e-01 -2.944269478321075439e-01 3.374918922781944275e-02 8.966014385223388672e-01
-5.292583107948303223e-01 2.534030675888061523e-01 7.994942665100097656e-01 -3.357076942920684814e-01 -2.935367822647094727e-01 2.445554360747337341e-02 8.947281241416931152e-01
-5.303844213485717773e-01 2.449066489934921265e-01 7.939087152481079102e-01 -3.424552381038665771e-01 -2.928340733051300049e-01 1.508135627955198288e-02 8.926058411598205566e-01
