-0.000000000000000000e+00 -0.000000000000000000e+00 -0.000000000000000000e+00 -0.000000000000000000e+00 -0.000000000000000000e+00 -0.000000000000000000e+00 1.000000000000000000e+00
-0.000000000000000000e+00 -0.000000000000000000e+00 -0.000000000000000000e+00 -0.000000000000000000e+00 -0.000000000000000000e+00 -0.000000000000000000e+00 1.000000000000000000e+00
1.700678467750549316e-02 1.786415092647075653e-02 1.700317300856113434e-02 -2.844642847776412964e-03 -1.727957569528371096e-04 -9.136775624938309193e-04 9.999955296516418457e-01
1.700678467750549316e-02 1.786415092647075653e-02 1.700317300856113434e-02 -2.844642847776412964e-03 -1.727957569528371096e-04 -9.136775624938309193e-04 9.999955296516418457e-01
3.055986389517784119e-02 3.174241632223129272e-02 3.616363555192947388e-02 -6.507472135126590729e-03 3.084725467488169670e-03 -3.927772864699363708e-03 9.999663829803466797e-01
3.055986389517784119e-02 3.174241632223129272e-02 3.616363555192947388e-02 -6.507472135126590729e-03 3.084725467488169670e-03 -3.927772864699363708e-03 9.999663829803466797e-01
4.594833031296730042e-02 4.210248216986656189e-02 5.194196850061416626e-02 -9.895349852740764618e-03 9.838222526013851166e-03 -7.770933676511049271e-03 9.998725056648254395e-01
4.594833031296730042e-02 4.210248216986656189e-02 5.194196850061416626e-02 -9.895349852740764618e-03 9.838222526013851166e-03 -7.770933676511049271e-03 9.998725056648254395e-01
6.091269478201866150e-02 5.090991780161857605e-02 6.656805425882339478e-02 -1.435890421271324158e-02 1.724080555140972137e-02 -1.333136763423681259e-02 9.996593594551086426e-01
6.091269478201866150e-02 5.090991780161857605e-02 6.656805425882339478e-02 -1.435890421271324158e-02 1.724080555140972137e-02 -1.333136763423681259e-02 9.996593594551086426e-01
7.506947219371795654e-02 6.024711951613426208e-02 8.374672383069992065e-02 -1.941845938563346863e-02 2.750159054994583130e-02 -1.985834352672100067e-02 9.992358684539794922e-01
7.506947219371795654e-02 6.024711951613426208e-02 8.374672383069992065e-02 -1.941845938563346863e-02 2.750159054994583130e-02 -1.985834352672100067e-02 9.992358684539794922e-01
8.814025670289993286e-02 7.027509063482284546e-02 9.829424321651458740e-02 -2.345727942883968353e-02 3.837225586175918579e-02 -2.662405557930469513e-02 9.986333847045898438e-01
8.814025670289993286e-02 7.027509063482284546e-02 9.829424321651458740e-02 -2.345727942883968353e-02 3.837225586175918579e-02 -2.662405557930469513e-02 9.986333847045898438e-01
1.018583029508590698e-01 8.011030405759811401e-02 1.123165339231491089e-01 -2.742597088217735291e-02 4.868795722723007202e-02 -3.264471516013145447e-02 9.979036450386047363e-01
1.097503453493118286e-01 8.489117771387100220e-02 1.202051714062690735e-01 -2.979098819196224213e-02 5.337650701403617859e-02 -3.585423529148101807e-02 9.974858164787292480e-01
1.186099499464035034e-01 9.107637405395507812e-02 1.318254023790359497e-01 -3.148185461759567261e-02 5.712265893816947937e-02 -3.762108832597732544e-02 9.971612691879272461e-01
1.228422373533248901e-01 9.832006692886352539e-02 1.391663700342178345e-01 -3.214572370052337646e-02 6.250030547380447388e-02 -4.022684693336486816e-02 9.967157244682312012e-01
1.240703463554382324e-01 1.044743135571479797e-01 1.259075552225112915e-01 -2.561738155782222748e-02 6.651329249143600464e-02 -4.517694190144538879e-02 9.964330196380615234e-01
1.360500007867813110e-01 1.104487031698226929e-01 1.329521834850311279e-01 -2.612748742103576660e-02 6.884893029928207397e-02 -4.638909175992012024e-02 9.962054491043090820e-01
1.480939835309982300e-01 1.175477951765060425e-01 1.422773599624633789e-01 -2.555530145764350891e-02 7.092773914337158203e-02 -4.496509954333305359e-02 9.961397051811218262e-01
1.631714850664138794e-01 1.220158785581588745e-01 1.457342356443405151e-01 -2.473758719861507416e-02 7.125019282102584839e-02 -4.337330162525177002e-02 9.962079524993896484e-01
1.804867386817932129e-01 1.252426505088806152e-01 1.474150270223617554e-01 -2.420266903936862946e-02 7.168231159448623657e-02 -4.088106751441955566e-02 9.962955117225646973e-01
1.958460956811904907e-01 1.328495144844055176e-01 1.526650488376617432e-01 -2.233514189720153809e-02 7.079317420721054077e-02 -3.726854175329208374e-02 9.965443015098571777e-01
2.116792947053909302e-01 1.341858208179473877e-01 1.562146097421646118e-01 -2.153953909873962402e-02 7.071208953857421875e-02 -3.619856759905815125e-02 9.966070652008056641e-01
2.302452623844146729e-01 1.294308751821517944e-01 1.626903861761093140e-01 -2.293637022376060486e-02 6.754321604967117310e-02 -3.631698712706565857e-02 9.967913031578063965e-01
2.430866807699203491e-01 1.177321523427963257e-01 1.725563555955886841e-01 -2.545506693422794342e-02 6.782931834459304810e-02 -4.488243907690048218e-02 9.963617920875549316e-01
2.568263709545135498e-01 1.180548295378684998e-01 1.783798933029174805e-01 -2.479543536901473999e-02 6.794856488704681396e-02 -4.409091174602508545e-02 9.964056611061096191e-01
2.715350687503814697e-01 1.187263503670692444e-01 1.860684752464294434e-01 -2.481974847614765167e-02 6.785149127244949341e-02 -4.293030500411987305e-02 9.964623451232910156e-01
2.878928184509277344e-01 1.207210570573806763e-01 1.925207674503326416e-01 -2.517218515276908875e-02 6.669391691684722900e-02 -4.260929673910140991e-02 9.965454339981079102e-01
3.040475845336914062e-01 1.244450435042381287e-01 1.979377716779708862e-01 -2.488457970321178436e-02 6.654856353998184204e-02 -4.208620637655258179e-02 9.965845942497253418e-01
3.184057772159576416e-01 1.284568309783935547e-01 2.078125178813934326e-01 -2.491978369653224945e-02 6.665160506963729858e-02 -4.266632348299026489e-02 9.965521693229675293e-01
3.325853347778320312e-01 1.339406967163085938e-01 2.168611735105514526e-01 -2.439977414906024933e-02 6.671617180109024048e-02 -4.172578826546669006e-02 9.966005682945251465e-01
3.386961519718170166e-01 1.428337097167968750e-01 2.258490771055221558e-01 -2.423512935638427734e-02 6.823757290840148926e-02 -4.204221814870834351e-02 9.964882731437683105e-01
3.402455747127532959e-01 1.514084339141845703e-01 2.403961867094039917e-01 -2.505973540246486664e-02 6.724315136671066284e-02 -4.319261386990547180e-02 9.964862465858459473e-01
3.389107882976531982e-01 1.584499627351760864e-01 2.447831332683563232e-01 -2.465769462287425995e-02 6.724823266267776489e-02 -4.580382257699966431e-02 9.963793754577636719e-01
3.398783802986145020e-01 1.687974184751510620e-01 2.571119964122772217e-01 -2.488231100142002106e-02 6.701612472534179688e-02 -4.642857611179351807e-02 9.963604807853698730e-01
3.400330841541290283e-01 1.790258735418319702e-01 2.715714573860168457e-01 -2.545002661645412445e-02 6.618490070104598999e-02 -4.678848758339881897e-02 9.963848590850830078e-01
3.408117294311523438e-01 1.917145401239395142e-01 2.862824201583862305e-01 -2.524424716830253601e-02 6.685056537389755249e-02 -4.607383534312248230e-02 9.963789582252502441e-01
3.430653214454650879e-01 2.037741541862487793e-01 2.981756329536437988e-01 -2.454764954745769501e-02 6.732390075922012329e-02 -4.550889134407043457e-02 9.963904619216918945e-01
3.429970741271972656e-01 2.155038416385650635e-01 3.096025586128234863e-01 -2.476431056857109070e-02 6.744166463613510132e-02 -4.582257196307182312e-02 9.963627457618713379e-01
3.457145690917968750e-01 2.291471809148788452e-01 3.202340602874755859e-01 -2.405203878879547119e-02 6.735913455486297607e-02 -4.559445381164550781e-02 9.963962435722351074e-01
3.542508780956268311e-01 2.365660518407821655e-01 3.386903107166290283e-01 -2.522555366158485413e-02 6.681783497333526611e-02 -4.342388361692428589e-02 9.965006113052368164e-01
3.566397428512573242e-01 2.495298087596893311e-01 3.503749370574951172e-01 -2.530081570148468018e-02 6.722064316272735596e-02 -4.346628114581108093e-02 9.964697957038879395e-01
3.591840565204620361e-01 2.609742283821105957e-01 3.624096214771270752e-01 -2.569832466542720795e-02 6.658682972192764282e-02 -4.408119246363639832e-02 9.964751601219177246e-01
3.613592386245727539e-01 2.737687528133392334e-01 3.760200440883636475e-01 -2.610803581774234772e-02 6.609410792589187622e-02 -4.498220607638359070e-02 9.964570403099060059e-01
3.635906577110290527e-01 2.853750288486480713e-01 3.868012428283691406e-01 -2.532461471855640411e-02 6.618091464042663574e-02 -4.438234493136405945e-02 9.964984059333801270e-01
3.648797571659088135e-01 2.945760190486907959e-01 3.970526158809661865e-01 -2.538214437663555145e-02 6.674953550100326538e-02 -4.447819292545318604e-02 9.964546561241149902e-01
3.643981516361236572e-01 3.050189614295959473e-01 4.082294404506683350e-01 -2.537339553236961365e-02 6.764309853315353394e-02 -4.291100800037384033e-02 9.964633584022521973e-01
3.661406040191650391e-01 3.175242543220520020e-01 4.277037382125854492e-01 -2.842481620609760284e-02 6.512212753295898438e-02 -4.809172451496124268e-02 9.963123798370361328e-01
3.675861060619354248e-01 3.260481059551239014e-01 4.370964467525482178e-01 -2.852214686572551727e-02 6.507664918899536133e-02 -4.753883183002471924e-02 9.963391423225402832e-01
3.681095242500305176e-01 3.344862163066864014e-01 4.474132359027862549e-01 -2.875159494578838348e-02 6.489305943250656128e-02 -4.826159030199050903e-02 9.963097572326660156e-01
3.683771491050720215e-01 3.433634936809539795e-01 4.584828913211822510e-01 -2.897273562848567963e-02 6.481549143791198730e-02 -4.760580882430076599e-02 9.963399171829223633e-01
3.679286241531372070e-01 3.506157398223876953e-01 4.690091013908386230e-01 -2.870344184339046478e-02 6.477007269859313965e-02 -4.860839620232582092e-02 9.963022470474243164e-01
3.676367402076721191e-01 3.566733896732330322e-01 4.769334197044372559e-01 -2.873320691287517548e-02 6.547915190458297729e-02 -4.808979853987693787e-02 9.962802529335021973e-01
3.672750890254974365e-01 3.606170415878295898e-01 4.836610853672027588e-01 -2.937287837266921997e-02 6.498941034078598022e-02 -4.931837692856788635e-02 9.962336421012878418e-01
3.674950003623962402e-01 3.684608936309814453e-01 4.936245381832122803e-01 -2.911313064396381378e-02 6.450822204351425171e-02 -4.852873831987380981e-02 9.963113069534301758e-01
3.651681244373321533e-01 3.734823763370513916e-01 5.065645575523376465e-01 -3.074621036648750305e-02 6.405676901340484619e-02 -5.145060643553733826e-02 9.961447119712829590e-01
3.637123107910156250e-01 3.780792355537414551e-01 5.113584399223327637e-01 -2.579745650291442871e-02 6.515214592218399048e-02 -4.359250143170356750e-02 9.965888857841491699e-01
3.611363768577575684e-01 3.812129199504852295e-01 5.175507664680480957e-01 -2.460693754255771637e-02 6.663373857736587524e-02 -4.214193671941757202e-02 9.965834617614746094e-01
3.591258227825164795e-01 3.838270306587219238e-01 5.247305631637573242e-01 -2.427148260176181793e-02 6.638377904891967773e-02 -4.186652973294258118e-02 9.966199994087219238e-01
3.550007939338684082e-01 3.859335482120513916e-01 5.268464684486389160e-01 -2.381476759910583496e-02 6.722129136323928833e-02 -4.150793328881263733e-02 9.965898394584655762e-01
3.552827239036560059e-01 3.894035220146179199e-01 5.319465398788452148e-01 -2.696905285120010376e-02 6.283915042877197266e-02 -4.709605872631072998e-02 9.965470433235168457e-01
3.510871827602386475e-01 3.897945582866668701e-01 5.381560325622558594e-01 -2.713411487638950348e-02 6.409546732902526855e-02 -4.463242366909980774e-02 9.965758919715881348e-01
3.452827632427215576e-01 3.925368785858154297e-01 5.468080043792724609e-01 -2.639706619083881378e-02 6.486420333385467529e-02 -4.564043879508972168e-02 9.965003132820129395e-01
3.411342203617095947e-01 3.945252597332000732e-01 5.522004961967468262e-01 -2.923257648944854736e-02 6.241715326905250549e-02 -4.956125468015670776e-02 9.963901638984680176e-01
3.354280292987823486e-01 4.013544321060180664e-01 5.680722594261169434e-01 -2.657057903707027435e-02 6.418242305517196655e-02 -4.779040440917015076e-02 9.964390397071838379e-01
3.323673307895660400e-01 4.059484899044036865e-01 5.778785347938537598e-01 -2.940067648887634277e-02 6.301587820053100586e-02 -4.843903332948684692e-02 9.964027404785156250e-01
3.293581902980804443e-01 4.043456017971038818e-01 5.701417326927185059e-01 -2.567013725638389587e-02 6.484162807464599609e-02 -4.444333165884017944e-02 9.965748190879821777e-01
3.711356520652770996e-01 4.402982294559478760e-01 5.821672677993774414e-01 8.341862820088863373e-03 -7.588971406221389771e-03 8.308728039264678955e-02 9.964785575866699219e-01
3.674541711807250977e-01 4.456436336040496826e-01 5.913905501365661621e-01 8.826319128274917603e-03 -7.328951731324195862e-03 8.481569588184356689e-02 9.963306784629821777e-01
3.667533397674560547e-01 4.519509077072143555e-01 6.014807224273681641e-01 1.021010801196098328e-02 -6.686069536954164505e-03 8.400215208530426025e-02 9.963908195495605469e-01
3.654893040657043457e-01 4.545684456825256348e-01 6.088925600051879883e-01 6.569615099579095840e-03 -9.230493567883968353e-03 7.977871596813201904e-02 9.967482089996337891e-01
3.632493019104003906e-01 4.576792418956756592e-01 6.116133928298950195e-01 8.669360540807247162e-03 -7.074182387441396713e-03 8.439242094755172729e-02 9.963697791099548340e-01
3.627830445766448975e-01 4.631707072257995605e-01 6.201740503311157227e-01 7.871577516198158264e-03 -7.670530118048191071e-03 8.270440995693206787e-02 9.965136051177978516e-01
3.581081628799438477e-01 4.685063958168029785e-01 6.288561820983886719e-01 8.540467359125614166e-03 -6.504607386887073517e-03 8.566103875637054443e-02 9.962664842605590820e-01
3.814744055271148682e-01 4.845098555088043213e-01 6.314654350280761719e-01 2.060159109532833099e-02 -5.982591956853866577e-02 1.492712646722793579e-01 9.867697358131408691e-01
3.829937875270843506e-01 4.896115064620971680e-01 6.400401592254638672e-01 1.987017691135406494e-02 -6.308107823133468628e-02 1.495786309242248535e-01 9.865354895591735840e-01
3.823988437652587891e-01 4.941334724426269531e-01 6.495018005371093750e-01 2.094515971839427948e-02 -6.767336279153823853e-02 1.521872580051422119e-01 9.858096837997436523e-01
3.803061544895172119e-01 5.028924345970153809e-01 6.626232862472534180e-01 2.231821604073047638e-02 -7.060591876506805420e-02 1.554235070943832397e-01 9.850686788558959961e-01
3.790052831172943115e-01 5.113555192947387695e-01 6.683009862899780273e-01 8.149399422109127045e-03 -7.800587266683578491e-02 1.535910367965698242e-01 9.850170016288757324e-01
3.785966038703918457e-01 5.196827054023742676e-01 6.763867139816284180e-01 -8.875551633536815643e-03 -8.385380357503890991e-02 1.491940319538116455e-01 9.852060675621032715e-01
3.806044161319732666e-01 5.261340737342834473e-01 6.850876212120056152e-01 -2.927077934145927429e-02 -8.914668112993240356e-02 1.439128816127777100e-01 9.851320981979370117e-01
3.802125453948974609e-01 5.319468975067138672e-01 6.934252977371215820e-01 -5.092709511518478394e-02 -9.419906139373779297e-02 1.365417242050170898e-01 9.848296046257019043e-01
3.798535168170928955e-01 5.396524667739868164e-01 7.024564743041992188e-01 -7.405372709035873413e-02 -9.990498423576354980e-02 1.284966915845870972e-01 9.838820099830627441e-01
3.785557746887207031e-01 5.460857152938842773e-01 7.142551541328430176e-01 -9.990397095680236816e-02 -1.043630316853523254e-01 1.185436546802520752e-01 9.823822975158691406e-01
3.794564008712768555e-01 5.549160242080688477e-01 7.257909774780273438e-01 -1.263044625520706177e-01 -1.097059696912765503e-01 1.084555983543395996e-01 9.799230694770812988e-01
3.774599730968475342e-01 5.613446235656738281e-01 7.362841367721557617e-01 -1.534515917301177979e-01 -1.140892580151557922e-01 9.697206318378448486e-02 9.767460227012634277e-01
3.745467662811279297e-01 5.679754018783569336e-01 7.466956973075866699e-01 -1.807980090379714966e-01 -1.186947822570800781e-01 8.539050072431564331e-02 9.725903868675231934e-01
3.708996772766113281e-01 5.744658112525939941e-01 7.583457827568054199e-01 -2.084020227193832397e-01 -1.231357008218765259e-01 7.239569723606109619e-02 9.675562381744384766e-01
3.692812025547027588e-01 5.829471945762634277e-01 7.697644829750061035e-01 -2.353599816560745239e-01 -1.282555311918258667e-01 6.054250150918960571e-02 9.615044593811035156e-01
3.657328486442565918e-01 5.892009735107421875e-01 7.805331945419311523e-01 -2.622192800045013428e-01 -1.332750618457794189e-01 4.901467263698577881e-02 9.545032382011413574e-01
3.614975214004516602e-01 5.948835611343383789e-01 7.921223640441894531e-01 -2.892824113368988037e-01 -1.376430690288543701e-01 3.822544589638710022e-02 9.465246796607971191e-01
3.588374853134155273e-01 6.010247468948364258e-01 8.024421334266662598e-01 -3.145456910133361816e-01 -1.428890973329544067e-01 2.818642929196357727e-02 9.380028247833251953e-01
3.546993434429168701e-01 6.099954843521118164e-01 8.164300918579101562e-01 -3.381462097167968750e-01 -1.485396027565002441e-01 1.954838447272777557e-02 9.290915131568908691e-01
3.501954376697540283e-01 6.161927580833435059e-01 8.277651071548461914e-01 -3.609353303909301758e-01 -1.535654217004776001e-01 1.112971082329750061e-02 9.197932481765747070e-01
3.465866446495056152e-01 6.221750974655151367e-01 8.390980958938598633e-01 -3.827499151229858398e-01 -1.588170528411865234e-01 5.804609041661024094e-03 9.100802540779113770e-01
3.424670994281768799e-01 6.287144422531127930e-01 8.504446744918823242e-01 -4.015512764453887939e-01 -1.649425178766250610e-01 1.132097677327692509e-03 9.008603096008300781e-01
3.375414609909057617e-01 6.362023353576660156e-01 8.647674322128295898e-01 -4.190321862697601318e-01 -1.718684136867523193e-01 -7.070522988215088844e-04 8.915563821792602539e-01
3.328514099121093750e-01 6.429740190505981445e-01 8.768637180328369141e-01 -4.339379370212554932e-01 -1.788036674261093140e-01 -1.261597266420722008e-03 8.830206990242004395e-01
3.285842537879943848e-01 6.490305662155151367e-01 8.888256549835205078e-01 -4.469869732856750488e-01 -1.861381232738494873e-01 1.585091813467442989e-03 8.749587535858154297e-01
3.241492807865142822e-01 6.551407575607299805e-01 9.013400673866271973e-01 -4.577149450778961182e-01 -1.943103969097137451e-01 6.395102478563785553e-03 8.675826191902160645e-01
3.197403848171234131e-01 6.607949733734130859e-01 9.126218557357788086e-01 -4.659406840801239014e-01 -2.029497176408767700e-01 1.355117838829755783e-02 8.611196875572204590e-01
3.134193122386932373e-01 6.686496734619140625e-01 9.285932779312133789e-01 -4.720900058746337891e-01 -2.123298943042755127e-01 2.212799340486526489e-02 8.553112745285034180e-01
3.081403970718383789e-01 6.751424074172973633e-01 9.414703845977783203e-01 -4.764969348907470703e-01 -2.216800153255462646e-01 3.300885856151580811e-02 8.501288890838623047e-01
3.027105033397674561e-01 6.812722682952880859e-01 9.548774957656860352e-01 -4.792391359806060791e-01 -2.315396368503570557e-01 4.613120853900909424e-02 8.453349471092224121e-01
2.963898777961730957e-01 6.874498128890991211e-01 9.683770537376403809e-01 -4.791791141033172607e-01 -2.417722344398498535e-01 5.992681533098220825e-02 8.416307568550109863e-01
2.897455096244812012e-01 6.940056085586547852e-01 9.816583991050720215e-01 -4.777024686336517334e-01 -2.521027028560638428e-01 7.583149522542953491e-02 8.381493091583251953e-01
2.823744714260101318e-01 6.998388767242431641e-01 9.950323700904846191e-01 -4.745265841484069824e-01 -2.625561058521270752e-01 9.255152195692062378e-02 8.350586891174316406e-01
2.741238176822662354e-01 7.050305008888244629e-01 1.007563591003417969e+00 -4.694432914257049561e-01 -2.730275094509124756e-01 1.097837761044502258e-01 8.324821591377258301e-01
2.647523283958435059e-01 7.102394104003906250e-01 1.020343899726867676e+00 -4.628270268440246582e-01 -2.837459444999694824e-01 1.281724423170089722e-01 8.299706578254699707e-01
2.547001242637634277e-01 7.155510783195495605e-01 1.033011913299560547e+00 -4.551242291927337646e-01 -2.946537733078002930e-01 1.482369899749755859e-01 8.270834088325500488e-01
2.429775595664978027e-01 7.194238305091857910e-01 1.044886112213134766e+00 -4.458155632019042969e-01 -3.054770529270172119e-01 1.678493767976760864e-01 8.244749307632446289e-01
2.301733493804931641e-01 7.233764529228210449e-01 1.055449724197387695e+00 -4.349392354488372803e-01 -3.163804113864898682e-01 1.883479803800582886e-01 8.217398524284362793e-01
2.171763181686401367e-01 7.292776107788085938e-01 1.065131187438964844e+00 -4.222632646560668945e-01 -3.270992338657379150e-01 2.092675864696502686e-01 8.190891742706298828e-01
2.053887844085693359e-01 7.369043827056884766e-01 1.074789047241210938e+00 -4.094633460044860840e-01 -3.369243144989013672e-01 2.296748310327529907e-01 8.161319494247436523e-01
1.935804486274719238e-01 7.424347400665283203e-01 1.085709095001220703e+00 -3.947619199752807617e-01 -3.469938039779663086e-01 2.501747906208038330e-01 8.131242394447326660e-01
1.817253232002258301e-01 7.461987137794494629e-01 1.096299767494201660e+00 -3.795919120311737061e-01 -3.569897115230560303e-01 2.705929577350616455e-01 8.094738721847534180e-01
1.698201298713684082e-01 7.498774528503417969e-01 1.105716228485107422e+00 -3.628906011581420898e-01 -3.664809763431549072e-01 2.901100218296051025e-01 8.061255216598510742e-01
1.578493714332580566e-01 7.533077001571655273e-01 1.115170240402221680e+00 -3.458337187767028809e-01 -3.754164874553680420e-01 3.093251287937164307e-01 8.023587465286254883e-01
1.464845538139343262e-01 7.559530735015869141e-01 1.123796463012695312e+00 -3.282950818538665771e-01 -3.837986290454864502e-01 3.272468149662017822e-01 7.986429929733276367e-01
1.351426243782043457e-01 7.590607404708862305e-01 1.132029652595520020e+00 -3.098309636116027832e-01 -3.917098045349121094e-01 3.449268937110900879e-01 7.947286963462829590e-01
1.242559552192687988e-01 7.622810006141662598e-01 1.140096902847290039e+00 -2.908871769905090332e-01 -3.995580673217773438e-01 3.617381155490875244e-01 7.904958128929138184e-01
1.130263209342956543e-01 7.656906843185424805e-01 1.147448778152465820e+00 -2.715396583080291748e-01 -4.069126248359680176e-01 3.775232136249542236e-01 7.862344980239868164e-01
1.022872328758239746e-01 7.689685821533203125e-01 1.154146194458007812e+00 -2.504511475563049316e-01 -4.143870770931243896e-01 3.902360498905181885e-01 7.831177711486816406e-01
9.234881401062011719e-02 7.727121114730834961e-01 1.160946607589721680e+00 -2.295146882534027100e-01 -4.221106469631195068e-01 4.018291234970092773e-01 7.795377373695373535e-01
8.173656463623046875e-02 7.753573656082153320e-01 1.167104601860046387e+00 -2.086442857980728149e-01 -4.283846020698547363e-01 4.131614267826080322e-01 7.760489583015441895e-01
7.214248180389404297e-02 7.777005434036254883e-01 1.172863006591796875e+00 -1.881540119647979736e-01 -4.342432022094726562e-01 4.243842065334320068e-01 7.719643712043762207e-01
6.309413909912109375e-02 7.796167731285095215e-01 1.179052233695983887e+00 -1.687513738870620728e-01 -4.396192729473114014e-01 4.356052577495574951e-01 7.671414017677307129e-01
5.524039268493652344e-02 7.830140590667724609e-01 1.184559702873229980e+00 -1.491632163524627686e-01 -4.448993206024169922e-01 4.475491940975189209e-01 7.612586021423339844e-01
4.638040065765380859e-02 7.848585844039916992e-01 1.188570499420166016e+00 -1.304477900266647339e-01 -4.491288661956787109e-01 4.584589898586273193e-01 7.556997537612915039e-01
3.797876834869384766e-02 7.874796986579895020e-01 1.192357301712036133e+00 -1.121521368622779846e-01 -4.536487162113189697e-01 4.692476391792297363e-01 7.492873072624206543e-01
2.894282341003417969e-02 7.890901565551757812e-01 1.194458246231079102e+00 -9.475828707218170166e-02 -4.570297896862030029e-01 4.798324704170227051e-01 7.429034709930419922e-01
1.996910572052001953e-02 7.899568080902099609e-01 1.197369456291198730e+00 -7.824346423149108887e-02 -4.607506096363067627e-01 4.894272685050964355e-01 7.362390756607055664e-01
1.298642158508300781e-02 7.906140089035034180e-01 1.199663996696472168e+00 -6.251376867294311523e-02 -4.641347825527191162e-01 4.990715682506561279e-01 7.291080951690673828e-01
6.722807884216308594e-03 7.926757335662841797e-01 1.201839685440063477e+00 -4.748602584004402161e-02 -4.675927758216857910e-01 5.085272192955017090e-01 7.214583158493041992e-01
5.030632019042968750e-05 7.943310141563415527e-01 1.204120755195617676e+00 -3.239294886589050293e-02 -4.710018038749694824e-01 5.164033174514770508e-01 7.144478559494018555e-01
-6.654143333435058594e-03 7.967200279235839844e-01 1.206048130989074707e+00 -1.730017550289630890e-02 -4.739407300949096680e-01 5.234988331794738770e-01 7.078346610069274902e-01
-1.261126995086669922e-02 7.980516552925109863e-01 1.207866787910461426e+00 -3.139101434499025345e-03 -4.771260917186737061e-01 5.293574333190917969e-01 7.015138864517211914e-01
-1.675224304199218750e-02 7.983122467994689941e-01 1.209426641464233398e+00 9.203155525028705597e-03 -4.802815914154052734e-01 5.341584682464599609e-01 6.956434249877929688e-01
-2.291202545166015625e-02 7.992752194404602051e-01 1.211681962013244629e+00 1.075810752809047699e-02 -4.866660535335540771e-01 5.341187119483947754e-01 6.912001967430114746e-01
-2.926099300384521484e-02 7.999044060707092285e-01 1.212372660636901855e+00 1.282119099050760269e-02 -4.925003349781036377e-01 5.338770747184753418e-01 6.872076392173767090e-01
-3.345954418182373047e-02 8.002022504806518555e-01 1.213710188865661621e+00 1.400281023234128952e-02 -4.982098340988159180e-01 5.337890386581420898e-01 6.831253170967102051e-01
-3.776180744171142578e-02 8.015559911727905273e-01 1.215394377708435059e+00 1.521778292953968048e-02 -5.039091110229492188e-01 5.339986681938171387e-01 6.787410974502563477e-01
-4.098236560821533203e-02 8.026120066642761230e-01 1.217171192169189453e+00 1.667584292590618134e-02 -5.091934204101562500e-01 5.339308977127075195e-01 6.748050451278686523e-01
-4.336249828338623047e-02 8.030003905296325684e-01 1.219153523445129395e+00 1.761121861636638641e-02 -5.142959356307983398e-01 5.340602993965148926e-01 6.707974672317504883e-01
-4.694724082946777344e-02 8.034804463386535645e-01 1.220193505287170410e+00 1.881922781467437744e-02 -5.182389616966247559e-01 5.338751673698425293e-01 6.678709983825683594e-01
-4.863393306732177734e-02 8.034926056861877441e-01 1.220944881439208984e+00 1.955073513090610504e-02 -5.217996835708618164e-01 5.338723063468933105e-01 6.650738120079040527e-01
-5.030930042266845703e-02 8.034648895263671875e-01 1.222428917884826660e+00 2.000503987073898315e-02 -5.247846245765686035e-01 5.341445207595825195e-01 6.624882221221923828e-01
-5.262374877929687500e-02 8.051720857620239258e-01 1.222532987594604492e+00 2.127725630998611450e-02 -5.267118215560913086e-01 5.355709195137023926e-01 6.597618460655212402e-01
-5.376946926116943359e-02 8.051815629005432129e-01 1.223392724990844727e+00 2.127080596983432770e-02 -5.280164480209350586e-01 5.356408357620239258e-01 6.586616039276123047e-01
-5.528700351715087891e-02 8.052132725715637207e-01 1.223967313766479492e+00 2.112889289855957031e-02 -5.284169912338256836e-01 5.361363887786865234e-01 6.579414010047912598e-01
-5.624139308929443359e-02 8.052224516868591309e-01 1.224613547325134277e+00 2.055395022034645081e-02 -5.282272100448608398e-01 5.367149710655212402e-01 6.576402783393859863e-01
-5.665266513824462891e-02 8.055442571640014648e-01 1.225212812423706055e+00 1.997278071939945221e-02 -5.273876786231994629e-01 5.375011563301086426e-01 6.576897501945495605e-01
-5.768275260925292969e-02 8.055970072746276855e-01 1.225780963897705078e+00 1.918273791670799255e-02 -5.255586504936218262e-01 5.380925536155700684e-01 6.586931347846984863e-01
-5.818367004394531250e-02 8.057870268821716309e-01 1.225956797599792480e+00 1.847214065492153168e-02 -5.232970118522644043e-01 5.378580093383789062e-01 6.607025861740112305e-01
-5.766046047210693359e-02 8.063567876815795898e-01 1.225426077842712402e+00 1.743877865374088287e-02 -5.186768174171447754e-01 5.390746593475341797e-01 6.633768081665039062e-01
-5.884587764739990234e-02 8.062285780906677246e-01 1.226870775222778320e+00 1.650060713291168213e-02 -5.144374966621398926e-01 5.387985110282897949e-01 6.669167876243591309e-01
-5.941581726074218750e-02 8.062760829925537109e-01 1.226482748985290527e+00 1.550967618823051453e-02 -5.083860754966735840e-01 5.389168858528137207e-01 6.714698076248168945e-01
-6.115806102752685547e-02 8.062586188316345215e-01 1.228036403656005859e+00 1.454570703208446503e-02 -5.020905733108520508e-01 5.375779867172241211e-01 6.772764325141906738e-01
-6.182312965393066406e-02 8.063887953758239746e-01 1.230045437812805176e+00 3.258320502936840057e-04 -4.997777938842773438e-01 5.286590456962585449e-01 6.861062645912170410e-01
-6.210458278656005859e-02 8.062395453453063965e-01 1.231708765029907227e+00 -1.493642199784517288e-02 -4.969292581081390381e-01 5.180710554122924805e-01 6.960177421569824219e-01
-6.448447704315185547e-02 8.067262172698974609e-01 1.232382297515869141e+00 -3.136090561747550964e-02 -4.921653568744659424e-01 5.070049762725830078e-01 7.069198489189147949e-01
-6.572866439819335938e-02 8.061313033103942871e-01 1.234445095062255859e+00 -4.916928708553314209e-02 -4.875098168849945068e-01 4.939107596874237061e-01 7.183096408843994141e-01
-6.806218624114990234e-02 8.052887320518493652e-01 1.235389947891235352e+00 -6.783472001552581787e-02 -4.813293218612670898e-01 4.802238643169403076e-01 7.301408052444458008e-01
-7.061302661895751953e-02 8.048813343048095703e-01 1.238109111785888672e+00 -8.700410276651382446e-02 -4.755590558052062988e-01 4.648098945617675781e-01 7.417720556259155273e-01
-7.308554649353027344e-02 8.047810792922973633e-01 1.240271925926208496e+00 -1.066120937466621399e-01 -4.684767127037048340e-01 4.491227567195892334e-01 7.532942891120910645e-01
-7.688570022583007812e-02 8.055922985076904297e-01 1.242534995079040527e+00 -1.260440051555633545e-01 -4.606906473636627197e-01 4.331100583076477051e-01 7.643903493881225586e-01
-8.057260513305664062e-02 8.048372268676757812e-01 1.245427370071411133e+00 -1.463358849287033081e-01 -4.526928365230560303e-01 4.157697856426239014e-01 7.751068472862243652e-01
-8.349967002868652344e-02 8.042133450508117676e-01 1.247959375381469727e+00 -1.661745160818099976e-01 -4.445020258426666260e-01 3.975600600242614746e-01 7.853344082832336426e-01
-8.648145198822021484e-02 8.034482002258300781e-01 1.249999523162841797e+00 -1.862598359584808350e-01 -4.353064596652984619e-01 3.793025314807891846e-01 7.949498891830444336e-01
-8.903837203979492188e-02 8.040475845336914062e-01 1.252390623092651367e+00 -2.054559737443923950e-01 -4.265393018722534180e-01 3.609291017055511475e-01 8.034813404083251953e-01
-9.185302257537841797e-02 8.036393523216247559e-01 1.254286408424377441e+00 -2.243847250938415527e-01 -4.174097776412963867e-01 3.422267138957977295e-01 8.113578557968139648e-01
-9.442013502120971680e-02 8.034022450447082520e-01 1.256037831306457520e+00 -2.425983548164367676e-01 -4.084355831146240234e-01 3.236297965049743652e-01 8.182849287986755371e-01
-9.671676158905029297e-02 8.030861616134643555e-01 1.257219552993774414e+00 -2.597157359123229980e-01 -3.990588188171386719e-01 3.053579926490783691e-01 8.246553540229797363e-01
-9.860557317733764648e-02 8.027006387710571289e-01 1.258637189865112305e+00 -2.764302790164947510e-01 -3.904952406883239746e-01 2.872031629085540771e-01 8.298277854919433594e-01
-1.001387238502502441e-01 8.028560280799865723e-01 1.259454011917114258e+00 -2.917309105396270752e-01 -3.820321559906005859e-01 2.699691057205200195e-01 8.343029022216796875e-01
-1.014623641967773438e-01 8.027808666229248047e-01 1.260254263877868652e+00 -3.058011531829833984e-01 -3.744320869445800781e-01 2.534413933753967285e-01 8.378865122795104980e-01
-1.023921370506286621e-01 8.027061820030212402e-01 1.260761976242065430e+00 -3.186843991279602051e-01 -3.673335015773773193e-01 2.379684597253799438e-01 8.407599925994873047e-01
-1.028585433959960938e-01 8.027938604354858398e-01 1.261159896850585938e+00 -3.303190767765045166e-01 -3.611097037792205811e-01 2.242986112833023071e-01 8.427213430404663086e-01
-1.031966209411621094e-01 8.026863336563110352e-01 1.261245846748352051e+00 -3.403258621692657471e-01 -3.559912145137786865e-01 2.109892368316650391e-01 8.443530797958374023e-01
-1.037756502628326416e-01 8.028107881546020508e-01 1.261560678482055664e+00 -3.488615453243255615e-01 -3.517766594886779785e-01 1.993779987096786499e-01 8.454568386077880859e-01
-1.043851971626281738e-01 8.029477000236511230e-01 1.261741042137145996e+00 -3.563700318336486816e-01 -3.483801186084747314e-01 1.892086267471313477e-01 8.460685014724731445e-01
-1.050604283809661865e-01 8.028619289398193359e-01 1.262042880058288574e+00 -3.626685738563537598e-01 -3.456476330757141113e-01 1.797302365303039551e-01 8.465791344642639160e-01
-1.057083010673522949e-01 8.028450012207031250e-01 1.262239336967468262e+00 -3.679299056529998779e-01 -3.433359861373901367e-01 1.718714386224746704e-01 8.468814492225646973e-01
-1.059954166412353516e-01 8.024058341979980469e-01 1.262668013572692871e+00 -3.726017177104949951e-01 -3.416980206966400146e-01 1.643630564212799072e-01 8.469918966293334961e-01
-1.070240139961242676e-01 8.021723031997680664e-01 1.263241887092590332e+00 -3.765271008014678955e-01 -3.402845561504364014e-01 1.576873511075973511e-01 8.470941781997680664e-01
-1.080538332462310791e-01 8.020111322402954102e-01 1.263728499412536621e+00 -3.795360028743743896e-01 -3.389124572277069092e-01 1.520073562860488892e-01 8.473397493362426758e-01
-1.091970205307006836e-01 8.017307519912719727e-01 1.264440536499023438e+00 -3.822208046913146973e-01 -3.376652002334594727e-01 1.471046954393386841e-01 8.474962115287780762e-01
-1.105846464633941650e-01 8.014090061187744141e-01 1.264955759048461914e+00 -3.843922615051269531e-01 -3.359178304672241211e-01 1.424861699342727661e-01 8.479973673820495605e-01
-1.118499934673309326e-01 8.009895086288452148e-01 1.265823841094970703e+00 -3.864093720912933350e-01 -3.343850970268249512e-01 1.383332163095474243e-01 8.483739495277404785e-01
-1.134831607341766357e-01 8.006510734558105469e-01 1.266525745391845703e+00 -3.879961967468261719e-01 -3.318522274494171143e-01 1.344387382268905640e-01 8.492698669433593750e-01
-1.149942874908447266e-01 8.000767230987548828e-01 1.267430901527404785e+00 -3.897235393524169922e-01 -3.291325569152832031e-01 1.307595223188400269e-01 8.501113653182983398e-01
-1.170588731765747070e-01 7.996842861175537109e-01 1.268338441848754883e+00 -3.912183940410614014e-01 -3.253688514232635498e-01 1.270528286695480347e-01 8.514346480369567871e-01
-1.192364692687988281e-01 7.993758916854858398e-01 1.269112229347229004e+00 -3.929649889469146729e-01 -3.205426335334777832e-01 1.235561296343803406e-01 8.529741764068603516e-01
-1.215506494045257568e-01 7.987467050552368164e-01 1.270166873931884766e+00 -3.949715197086334229e-01 -3.146364092826843262e-01 1.196490526199340820e-01 8.548015356063842773e-01
-1.236188411712646484e-01 7.978945970535278320e-01 1.271182894706726074e+00 -3.973071575164794922e-01 -3.075355291366577148e-01 1.154858469963073730e-01 8.568733930587768555e-01
-1.260872036218643188e-01 7.973363995552062988e-01 1.272105455398559570e+00 -3.997189998626708984e-01 -2.990032434463500977e-01 1.111802160739898682e-01 8.593374490737915039e-01
-1.284043490886688232e-01 7.963671088218688965e-01 1.273270130157470703e+00 -4.028953909873962402e-01 -2.890217006206512451e-01 1.061178892850875854e-01 8.619053363800048828e-01
-1.312536597251892090e-01 7.955423593521118164e-01 1.274312019348144531e+00 -4.064658582210540771e-01 -2.772143185138702393e-01 1.001140028238296509e-01 8.648207783699035645e-01
-1.343689411878585815e-01 7.950921654701232910e-01 1.275209665298461914e+00 -4.102904796600341797e-01 -2.634243965148925781e-01 9.402903914451599121e-02 8.680022954940795898e-01
-1.374602615833282471e-01 7.943258881568908691e-01 1.276257038116455078e+00 -4.147448539733886719e-01 -2.478511780500411987e-01 8.702526241540908813e-02 8.711963891983032227e-01
-1.405407339334487915e-01 7.930846810340881348e-01 1.277230501174926758e+00 -4.196443259716033936e-01 -2.306646108627319336e-01 7.917255908250808716e-02 8.743135929107666016e-01
-1.437921822071075439e-01 7.919527888298034668e-01 1.278390288352966309e+00 -4.247085154056549072e-01 -2.122832387685775757e-01 7.136370986700057983e-02 8.771919608116149902e-01
-1.470225602388381958e-01 7.905305624008178711e-01 1.279439568519592285e+00 -4.299519658088684082e-01 -1.927212327718734741e-01 6.304674595594406128e-02 8.797868490219116211e-01
-1.506344079971313477e-01 7.892351150512695312e-01 1.280473470687866211e+00 -4.351141154766082764e-01 -1.721829771995544434e-01 5.442378297448158264e-02 8.820810317993164062e-01
-1.543775647878646851e-01 7.882475852966308594e-01 1.281292676925659180e+00 -4.397383630275726318e-01 -1.514071524143218994e-01 4.530893638730049133e-02 8.841115236282348633e-01
-1.582417339086532593e-01 7.867974042892456055e-01 1.282266974449157715e+00 -4.442782998085021973e-01 -1.300067901611328125e-01 3.661724179983139038e-02 8.856490850448608398e-01
-1.621145009994506836e-01 7.852897644042968750e-01 1.283158540725708008e+00 -4.483335614204406738e-01 -1.089389175176620483e-01 2.818433754146099091e-02 8.867553472518920898e-01
-1.661046147346496582e-01 7.836990952491760254e-01 1.283997058868408203e+00 -4.517703056335449219e-01 -8.778268098831176758e-02 2.005559206008911133e-02 8.875785470008850098e-01
-1.702613681554794312e-01 7.820833921432495117e-01 1.284768342971801758e+00 -4.547090530395507812e-01 -6.720320880413055420e-02 1.236892957240343094e-02 8.880149126052856445e-01
-1.744685769081115723e-01 7.805760502815246582e-01 1.285580039024353027e+00 -4.570629000663757324e-01 -4.728113487362861633e-02 5.047803279012441635e-03 8.881624937057495117e-01
-1.790230572223663330e-01 7.788760066032409668e-01 1.286226272583007812e+00 -4.588553905487060547e-01 -2.824482880532741547e-02 -1.756707904860377312e-03 8.880602121353149414e-01
-1.834187507629394531e-01 7.771497964859008789e-01 1.286937117576599121e+00 -4.598875343799591064e-01 -1.076576765626668930e-02 -7.317301817238330841e-03 8.878818154335021973e-01
-1.882840692996978760e-01 7.752350568771362305e-01 1.287501692771911621e+00 -4.601469039916992188e-01 5.877863150089979172e-03 -1.188296172767877579e-02 8.877438306808471680e-01
-1.931899935007095337e-01 7.735077142715454102e-01 1.288007855415344238e+00 -4.593828916549682617e-01 2.120730839669704437e-02 -1.394164189696311951e-02 8.878757357597351074e-01
-1.980883181095123291e-01 7.715591192245483398e-01 1.288699507713317871e+00 -4.581425189971923828e-01 3.400435298681259155e-02 -1.571040414273738861e-02 8.880891799926757812e-01
-2.029174268245697021e-01 7.697812318801879883e-01 1.289003610610961914e+00 -4.557766616344451904e-01 4.359869658946990967e-02 -1.714740134775638580e-02 8.888604044914245605e-01
-2.078866660594940186e-01 7.677807807922363281e-01 1.289548158645629883e+00 -4.530355632305145264e-01 5.018278956413269043e-02 -1.852975785732269287e-02 8.898860812187194824e-01
-2.128427475690841675e-01 7.657696008682250977e-01 1.290027141571044922e+00 -4.495741426944732666e-01 5.321655049920082092e-02 -1.909276843070983887e-02 8.914519548416137695e-01
-2.180638760328292847e-01 7.636034488677978516e-01 1.290213942527770996e+00 -4.448572695255279541e-01 5.467872321605682373e-02 -1.595640741288661957e-02 8.937883973121643066e-01
-2.231067866086959839e-01 7.612209320068359375e-01 1.290863513946533203e+00 -4.396331608295440674e-01 5.293838679790496826e-02 -1.129300985485315323e-02 8.965448737144470215e-01
-2.290341556072235107e-01 7.592794895172119141e-01 1.291362285614013672e+00 -4.331556856632232666e-01 4.868690669536590576e-02 -5.960010457783937454e-03 8.999834656715393066e-01
-2.351272553205490112e-01 7.570923566818237305e-01 1.291722655296325684e+00 -4.257132411003112793e-01 4.265302047133445740e-02 1.473524724133312702e-03 9.038510918617248535e-01
-2.417873591184616089e-01 7.562998533248901367e-01 1.292537569999694824e+00 -4.172863364219665527e-01 3.490132465958595276e-02 9.401624090969562531e-03 9.080560207366943359e-01
-2.482762932777404785e-01 7.539817094802856445e-01 1.293014049530029297e+00 -4.082502722740173340e-01 2.506394311785697937e-02 1.889830082654953003e-02 9.123302698135375977e-01
-2.543948888778686523e-01 7.514192461967468262e-01 1.293768525123596191e+00 -3.984878659248352051e-01 1.308752037584781647e-02 2.992947958409786224e-02 9.165917038917541504e-01
-2.605867385864257812e-01 7.485944628715515137e-01 1.294653773307800293e+00 -3.881871402263641357e-01 -2.541182038839906454e-04 4.207588732242584229e-02 9.206195473670959473e-01
-2.664240598678588867e-01 7.453540563583374023e-01 1.295866250991821289e+00 -3.773927092552185059e-01 -1.508544012904167175e-02 5.566902831196784973e-02 9.242554903030395508e-01
-2.734243571758270264e-01 7.425088882446289062e-01 1.297096729278564453e+00 -3.653691411018371582e-01 -3.008653037250041962e-02 6.912564486265182495e-02 9.278048872947692871e-01
-2.799051702022552490e-01 7.392926216125488281e-01 1.298674583435058594e+00 -3.530763089656829834e-01 -4.612143337726593018e-02 8.348122239112854004e-02 9.307206273078918457e-01
-2.869619727134704590e-01 7.353434562683105469e-01 1.300344228744506836e+00 -3.404391407966613770e-01 -6.214083358645439148e-02 9.803201258182525635e-02 9.330752491950988770e-01
-2.937975525856018066e-01 7.323015928268432617e-01 1.302239298820495605e+00 -3.266046941280364990e-01 -7.852735370397567749e-02 1.136572062969207764e-01 9.350106716156005859e-01
-3.007501363754272461e-01 7.289307713508605957e-01 1.304313421249389648e+00 -3.121083676815032959e-01 -9.466112405061721802e-02 1.294699907302856445e-01 9.364107847213745117e-01
-3.076016902923583984e-01 7.266300320625305176e-01 1.306290268898010254e+00 -2.964332699775695801e-01 -1.112539395689964294e-01 1.460894197225570679e-01 9.372341036796569824e-01
-3.145242333412170410e-01 7.227104902267456055e-01 1.308913230895996094e+00 -2.814441919326782227e-01 -1.267445385456085205e-01 1.623234003782272339e-01 9.372172355651855469e-01
-3.209490180015563965e-01 7.190537452697753906e-01 1.311705708503723145e+00 -2.660469114780426025e-01 -1.418585181236267090e-01 1.794360131025314331e-01 9.364283084869384766e-01
-3.279396891593933105e-01 7.150189280509948730e-01 1.314525127410888672e+00 -2.503602504730224609e-01 -1.554818451404571533e-01 1.963973641395568848e-01 9.351862072944641113e-01
-3.339030146598815918e-01 7.115502357482910156e-01 1.317259311676025391e+00 -2.343753874301910400e-01 -1.680913716554641724e-01 2.130687385797500610e-01 9.334962964057922363e-01
-3.395472168922424316e-01 7.081477642059326172e-01 1.319639682769775391e+00 -2.184764891862869263e-01 -1.790695488452911377e-01 2.298568636178970337e-01 9.313259124755859375e-01
-3.458389639854431152e-01 7.056358456611633301e-01 1.322143793106079102e+00 -2.022960335016250610e-01 -1.879902184009552002e-01 2.462820410728454590e-01 9.290216565132141113e-01
-3.505218923091888428e-01 7.035967111587524414e-01 1.324527859687805176e+00 -1.863864660263061523e-01 -1.960585117340087891e-01 2.622202336788177490e-01 9.263162016868591309e-01
-3.555020987987518311e-01 7.012660503387451172e-01 1.326564311981201172e+00 -1.706456542015075684e-01 -2.021444588899612427e-01 2.783010005950927734e-01 9.233452081680297852e-01
-3.590196967124938965e-01 6.981439590454101562e-01 1.328369855880737305e+00 -1.558332145214080811e-01 -2.070133239030838013e-01 2.934721112251281738e-01 9.201824069023132324e-01
-3.626638650894165039e-01 6.963475942611694336e-01 1.330419540405273438e+00 -1.406490355730056763e-01 -2.110276669263839722e-01 3.084759116172790527e-01 9.168030023574829102e-01
-3.654708564281463623e-01 6.937667131423950195e-01 1.330768942832946777e+00 -1.264977455139160156e-01 -2.131005078554153442e-01 3.228658139705657959e-01 9.134244918823242188e-01
-3.673281669616699219e-01 6.915407776832580566e-01 1.333051085472106934e+00 -1.135273724794387817e-01 -2.147589027881622314e-01 3.369601070880889893e-01 9.096417427062988281e-01
-3.698077201843261719e-01 6.927511692047119141e-01 1.333142638206481934e+00 -9.803472459316253662e-02 -2.159552425146102905e-01 3.502271771430969238e-01 9.061421155929565430e-01
-3.712607324123382568e-01 6.914083957672119141e-01 1.333990573883056641e+00 -8.522105962038040161e-02 -2.159508168697357178e-01 3.625923693180084229e-01 9.025682806968688965e-01
-3.714209794998168945e-01 6.899381875991821289e-01 1.334842085838317871e+00 -7.350593805313110352e-02 -2.155961841344833374e-01 3.743973374366760254e-01 8.988558650016784668e-01
-3.727864027023315430e-01 6.886776685714721680e-01 1.335343718528747559e+00 -6.212954595685005188e-02 -2.141380459070205688e-01 3.849727809429168701e-01 8.955896496772766113e-01
-3.739887475967407227e-01 6.871261000633239746e-01 1.334803342819213867e+00 -5.123239010572433472e-02 -2.119327187538146973e-01 3.953101038932800293e-01 8.922947049140930176e-01
-3.751975893974304199e-01 6.859018802642822266e-01 1.335127234458923340e+00 -4.156271740794181824e-02 -2.097492218017578125e-01 4.042980968952178955e-01 8.892811536788940430e-01
-3.757648169994354248e-01 6.851618289947509766e-01 1.335689067840576172e+00 -3.241128101944923401e-02 -2.079579085111618042e-01 4.126206040382385254e-01 8.862546682357788086e-01
-3.770089149475097656e-01 6.839377284049987793e-01 1.336136698722839355e+00 -2.400767430663108826e-02 -2.060419172048568726e-01 4.201124608516693115e-01 8.834455609321594238e-01
-3.786950111389160156e-01 6.827740669250488281e-01 1.335965991020202637e+00 -1.634209603071212769e-02 -2.038125991821289062e-01 4.264144599437713623e-01 8.811153173446655273e-01
-3.800306618213653564e-01 6.803542971611022949e-01 1.338344097137451172e+00 -1.107771974056959152e-02 -2.025981843471527100e-01 4.314678907394409180e-01 8.790146112442016602e-01
-3.837333917617797852e-01 6.783044934272766113e-01 1.340359568595886230e+00 -5.972466431558132172e-03 -2.006026655435562134e-01 4.359119832515716553e-01 8.773276209831237793e-01
-3.877741992473602295e-01 6.770391464233398438e-01 1.341985225677490234e+00 -1.127127557992935181e-03 -1.992885172367095947e-01 4.384499788284301758e-01 8.763815164566040039e-01
-3.917491436004638672e-01 6.740164756774902344e-01 1.342586159706115723e+00 1.715627382509410381e-03 -1.981342583894729614e-01 4.397586286067962646e-01 8.759864568710327148e-01
-3.965209424495697021e-01 6.719028353691101074e-01 1.343963980674743652e+00 1.757000805810093880e-03 -1.980055123567581177e-01 4.398581087589263916e-01 8.759655356407165527e-01
-4.006405174732208252e-01 6.700013875961303711e-01 1.344798326492309570e+00 2.173448679968714714e-03 -1.983676105737686157e-01 4.394009411334991455e-01 8.761121630668640137e-01
-4.054575562477111816e-01 6.648661494255065918e-01 1.346583843231201172e+00 1.596743240952491760e-03 -1.992265731096267700e-01 4.371339380741119385e-01 8.770520091056823730e-01
-4.079076647758483887e-01 6.616457700729370117e-01 1.348330020904541016e+00 1.249190536327660084e-03 -2.013960182666778564e-01 4.341203570365905762e-01 8.780533671379089355e-01
-4.142965674400329590e-01 6.584526300430297852e-01 1.349364876747131348e+00 -9.999632602557539940e-04 -2.037954628467559814e-01 4.300998449325561523e-01 8.794775009155273438e-01
-4.198085665702819824e-01 6.574591398239135742e-01 1.350410461425781250e+00 -2.979917684569954872e-03 -2.068004906177520752e-01 4.260896742343902588e-01 8.807226419448852539e-01
-4.260036647319793701e-01 6.551434993743896484e-01 1.349247932434082031e+00 -5.954705178737640381e-03 -2.100940346717834473e-01 4.212017953395843506e-01 8.822778463363647461e-01
-4.323482811450958252e-01 6.507824659347534180e-01 1.347905158996582031e+00 -1.057364512234926224e-02 -2.134219259023666382e-01 4.153984487056732178e-01 8.841851949691772461e-01
-4.380575716495513916e-01 6.461702585220336914e-01 1.346022129058837891e+00 -1.579614169895648956e-02 -2.170233726501464844e-01 4.081312417984008789e-01 8.866117000579833984e-01
-4.454582035541534424e-01 6.392196416854858398e-01 1.346106529235839844e+00 -2.287530899047851562e-02 -2.209369540214538574e-01 4.007067978382110596e-01 8.888744711875915527e-01
-4.535122513771057129e-01 6.337534189224243164e-01 1.343546867370605469e+00 -2.909744344651699066e-02 -2.245970517396926880e-01 3.926986753940582275e-01 8.913457989692687988e-01
-4.608237147331237793e-01 6.308609247207641602e-01 1.339935302734375000e+00 -3.463308140635490417e-02 -2.288089543581008911e-01 3.848338127136230469e-01 8.935043215751647949e-01
-4.704788923263549805e-01 6.246924400329589844e-01 1.337065815925598145e+00 -4.179933294653892517e-02 -2.323905229568481445e-01 3.761489987373352051e-01 8.959684371948242188e-01
-4.791864752769470215e-01 6.202658414840698242e-01 1.334466934204101562e+00 -4.839261248707771301e-02 -2.366959005594253540e-01 3.672362267971038818e-01 8.982042074203491211e-01
-4.879900217056274414e-01 6.159186959266662598e-01 1.332070827484130859e+00 -5.574074387550354004e-02 -2.411459982395172119e-01 3.586017191410064697e-01 9.000813364982604980e-01
-4.978382885456085205e-01 6.099921464920043945e-01 1.329803466796875000e+00 -6.379058212041854858e-02 -2.454248517751693726e-01 3.493117988109588623e-01 9.020413756370544434e-01
-5.083322525024414062e-01 6.068142652511596680e-01 1.327208280563354492e+00 -7.089121639728546143e-02 -2.496387362480163574e-01 3.404763638973236084e-01 9.037315845489501953e-01
-5.202208757400512695e-01 6.024806499481201172e-01 1.323012113571166992e+00 -7.829833775758743286e-02 -2.530408799648284912e-01 3.312276005744934082e-01 9.056091904640197754e-01
-5.328466892242431641e-01 6.006314754486083984e-01 1.317588210105895996e+00 -8.421317487955093384e-02 -2.561933994293212891e-01 3.231095075607299805e-01 9.071236252784729004e-01
-5.447372794151306152e-01 5.975598096847534180e-01 1.312618017196655273e+00 -9.042989462614059448e-02 -2.598378658294677734e-01 3.149432539939880371e-01 9.083598256111145020e-01
-5.556378364562988281e-01 5.915645956993103027e-01 1.307760953903198242e+00 -9.805656224489212036e-02 -2.630945742130279541e-01 3.071086406707763672e-01 9.093132615089416504e-01
-5.672546625137329102e-01 5.859965085983276367e-01 1.303079843521118164e+00 -1.049636751413345337e-01 -2.663668096065521240e-01 2.993166744709014893e-01 9.101873636245727539e-01
-5.796080827713012695e-01 5.809559822082519531e-01 1.296479582786560059e+00 -1.107912659645080566e-01 -2.688613831996917725e-01 2.920938432216644287e-01 9.111093282699584961e-01
-5.896595120429992676e-01 5.752213597297668457e-01 1.291036367416381836e+00 -1.172219365835189819e-01 -2.727694213390350342e-01 2.854140996932983398e-01 9.112600088119506836e-01
-6.021449565887451172e-01 5.680585503578186035e-01 1.284204363822937012e+00 -1.237100958824157715e-01 -2.744503021240234375e-01 2.781019806861877441e-01 9.121580123901367188e-01
-6.149828433990478516e-01 5.617036819458007812e-01 1.277296662330627441e+00 -1.296299695968627930e-01 -2.763528823852539062e-01 2.718018591403961182e-01 9.126604199409484863e-01
-6.284656524658203125e-01 5.554804205894470215e-01 1.270628094673156738e+00 -1.350289732217788696e-01 -2.783935964107513428e-01 2.658719420433044434e-01 9.130040407180786133e-01
-6.397768855094909668e-01 5.475447773933410645e-01 1.264333724975585938e+00 -1.413565427064895630e-01 -2.810647189617156982e-01 2.590813040733337402e-01 9.131800532341003418e-01
-6.535264849662780762e-01 5.391705036163330078e-01 1.256901502609252930e+00 -1.472935378551483154e-01 -2.824558019638061523e-01 2.528521716594696045e-01 9.135585427284240723e-01
-6.656399369239807129e-01 5.303586125373840332e-01 1.248958826065063477e+00 -1.531417071819305420e-01 -2.843788564205169678e-01 2.468592077493667603e-01 9.136393070220947266e-01
-6.772143840789794922e-01 5.227829217910766602e-01 1.236644029617309570e+00 -1.571696400642395020e-01 -2.848514020442962646e-01 2.417861521244049072e-01 9.141645431518554688e-01
-6.850057244300842285e-01 5.135438442230224609e-01 1.223866343498229980e+00 -1.623242795467376709e-01 -2.858036160469055176e-01 2.362443804740905762e-01 9.144155383110046387e-01
-6.905224919319152832e-01 5.037438273429870605e-01 1.210996150970458984e+00 -1.680770814418792725e-01 -2.870655655860900879e-01 2.301140576601028442e-01 9.145441651344299316e-01
-6.963607668876647949e-01 4.942370355129241943e-01 1.198321580886840820e+00 -1.740707755088806152e-01 -2.882314324378967285e-01 2.250115722417831421e-01 9.143258929252624512e-01
-7.012877464294433594e-01 4.836665391921997070e-01 1.185688138008117676e+00 -1.800906360149383545e-01 -2.891087830066680908e-01 2.186650484800338745e-01 9.144228696823120117e-01
-7.068725824356079102e-01 4.740090966224670410e-01 1.173072457313537598e+00 -1.856978833675384521e-01 -2.896277606487274170e-01 2.131565958261489868e-01 9.144377112388610840e-01
-7.106996774673461914e-01 4.640974998474121094e-01 1.161522984504699707e+00 -1.915278136730194092e-01 -2.910807132720947266e-01 2.070000022649765015e-01 9.141883254051208496e-01
-7.148396968841552734e-01 4.527916908264160156e-01 1.149577736854553223e+00 -1.977148503065109253e-01 -2.914662957191467285e-01 2.002837955951690674e-01 9.142443537712097168e-01
-7.183322310447692871e-01 4.415134787559509277e-01 1.138238072395324707e+00 -2.040728777647018433e-01 -2.920291423797607422e-01 1.936203241348266602e-01 9.141030907630920410e-01
-7.224988937377929688e-01 4.296154081821441650e-01 1.126235246658325195e+00 -2.104313671588897705e-01 -2.924426198005676270e-01 1.864861249923706055e-01 9.140125513076782227e-01
-7.263250350952148438e-01 4.181643724441528320e-01 1.114449024200439453e+00 -2.163780778646469116e-01 -2.924993932247161865e-01 1.795180290937423706e-01 9.140010476112365723e-01
-7.295715808868408203e-01 4.061591923236846924e-01 1.103686332702636719e+00 -2.228289097547531128e-01 -2.928865551948547363e-01 1.721014082431793213e-01 9.137536883354187012e-01
-7.321837544441223145e-01 3.923273682594299316e-01 1.092308640480041504e+00 -2.298913002014160156e-01 -2.930932939052581787e-01 1.643005609512329102e-01 9.133738279342651367e-01
-7.358074784278869629e-01 3.793613910675048828e-01 1.081565737724304199e+00 -2.365523725748062134e-01 -2.926188707351684570e-01 1.560446918010711670e-01 9.132728576660156250e-01
-7.380468845367431641e-01 3.664807081222534180e-01 1.071661710739135742e+00 -2.435656934976577759e-01 -2.929293811321258545e-01 1.479698866605758667e-01 9.126736521720886230e-01
-7.409880161285400391e-01 3.526752591133117676e-01 1.061529636383056641e+00 -2.509459257125854492e-01 -2.924690246582031250e-01 1.391309499740600586e-01 9.122119545936584473e-01
-7.444168925285339355e-01 3.393345177173614502e-01 1.051136732101440430e+00 -2.580476403236389160e-01 -2.914724946022033691e-01 1.304273009300231934e-01 9.118354916572570801e-01
-7.477207183837890625e-01 3.260408937931060791e-01 1.041273355484008789e+00 -2.650976777076721191e-01 -2.906832098960876465e-01 1.214885339140892029e-01 9.112996459007263184e-01
-7.504879236221313477e-01 3.122172951698303223e-01 1.031662344932556152e+00 -2.726019024848937988e-01 -2.900953292846679688e-01 1.121306940913200378e-01 9.104722142219543457e-01
-7.515022754669189453e-01 2.994036376476287842e-01 1.021939516067504883e+00 -2.796374857425689697e-01 -2.901001274585723877e-01 1.031343117356300354e-01 9.093999266624450684e-01
-7.540563344955444336e-01 2.862665653228759766e-01 1.012372493743896484e+00 -2.867192625999450684e-01 -2.892945706844329834e-01 9.382258355617523193e-02 9.084591865539550781e-01
-7.557663321495056152e-01 2.731430828571319580e-01 1.003508329391479492e+00 -2.940590679645538330e-01 -2.889612615108489990e-01 8.483218401670455933e-02 9.071021080017089844e-01
-7.584090232849121094e-01 2.596485018730163574e-01 9.943137168884277344e-01 -3.014485239982604980e-01 -2.879692018032073975e-01 7.541408389806747437e-02 9.058229923248291016e-01
-7.600668072700500488e-01 2.464884519577026367e-01 9.857062101364135742e-01 -3.086525499820709229e-01 -2.874481678009033203e-01 6.577124446630477905e-02 9.043126106262207031e-01
-7.623978853225708008e-01 2.336210459470748901e-01 9.763821363449096680e-01 -3.154532015323638916e-01 -2.863379418849945068e-01 5.628357082605361938e-02 9.029574394226074219e-01
-7.647092342376708984e-01 2.209499776363372803e-01 9.672535657882690430e-01 -3.224239349365234375e-01 -2.853841781616210938e-01 4.716562852263450623e-02 9.013180136680603027e-01
-7.661911845207214355e-01 2.080777883529663086e-01 9.586452245712280273e-01 -3.292412161827087402e-01 -2.847884595394134521e-01 3.795548155903816223e-02 8.994749784469604492e-01
-7.680829167366027832e-01 1.961044818162918091e-01 9.505593776702880859e-01 -3.361512422561645508e-01 -2.837875485420227051e-01 2.852586656808853149e-02 8.975819349288940430e-01
