2.732399329135507315e+01
2.732399329135507315e+01
2.710252523737613473e+01
2.710252523737613473e+01
2.689512667643835186e+01
2.689512667643835186e+01
2.671618524963379571e+01
2.671618524963379571e+01
2.657934283421915111e+01
2.657934283421915111e+01
2.642954540920558415e+01
2.642954540920558415e+01
2.628933158740615994e+01
2.628933158740615994e+01
2.615430483335636680e+01
2.610239391120315489e+01
2.604672413630613548e+01
2.604369458700526607e+01
2.597879364926196999e+01
2.594912999686986055e+01
2.594808153181466537e+01
2.598121087963458464e+01
2.604886542312096154e+01
2.609149017825329508e+01
2.612972013103739855e+01
2.618770963288202225e+01
2.623317807444177063e+01
2.625480344815070666e+01
2.625858335800171517e+01
2.632898130229302680e+01
2.637954936414375595e+01
2.644317236530164905e+01
2.633977783793138272e+01
2.619933590892032527e+01
2.596862200077945104e+01
2.578318363342174635e+01
2.552830806958762722e+01
2.532471600968352021e+01
2.506032036597925483e+01
2.486443062557472672e+01
2.469785260461530285e+01
2.447701283311675624e+01
2.427090725917302549e+01
2.404895024330154740e+01
2.385215247222142665e+01
2.363520684463749078e+01
2.329218173782268053e+01
2.309341409071893025e+01
2.291063475632648760e+01
2.273625942017348933e+01
2.257872842246026579e+01
2.237784441507909250e+01
2.206079794309242104e+01
2.191493822261441338e+01
2.176563725152309203e+01
2.158619740137591236e+01
2.138770441808239298e+01
2.118237266282079645e+01
2.100658778369624002e+01
2.086542087358876785e+01
2.060006121349864827e+01
2.084365447568902141e+01
2.070017929834932602e+01
2.054076801781133099e+01
2.034726992569831339e+01
2.038129661403274540e+01
2.018135238479997895e+01
1.997520560426967506e+01
1.989161231751456782e+01
1.993633817982035694e+01
1.977326063965467640e+01
1.965126597983498868e+01
1.949122222879855570e+01
1.932662841804948428e+01
1.917576425942842633e+01
1.905183414494007366e+01
1.888542998887309921e+01
1.871771703977995926e+01
1.854111626150155345e+01
1.841843039423677908e+01
1.825061655175660746e+01
1.807309047504017130e+01
1.788145666869426975e+01
1.771080126091714035e+01
1.752651350457133006e+01
1.736026465804320651e+01
1.717086374998682885e+01
1.697490921914307904e+01
1.678416068020839091e+01
1.657660666707244701e+01
1.637519880237724834e+01
1.614728380385056283e+01
1.594221042936973554e+01
1.570418657181438959e+01
1.546059722875604336e+01
1.523594249408515999e+01
1.504145979324929883e+01
1.480428131794515778e+01
1.456470154384261129e+01
1.432479769167500372e+01
1.409120425340706895e+01
1.384442059347777132e+01
1.359282267827829749e+01
1.333847181779969482e+01
1.309017958891066336e+01
1.282495546821315102e+01
1.255879641562021476e+01
1.230290070036827821e+01
1.202712475506945822e+01
1.175225457436799203e+01
1.148533908585163132e+01
1.121062967449538661e+01
1.093660951137154136e+01
1.067368184083459326e+01
1.040976282480029269e+01
1.013893252245382648e+01
9.870145147360224414e+00
9.616707196704023630e+00
9.368638432287371032e+00
9.124854828025469544e+00
8.898330580720301697e+00
8.670219891801179912e+00
8.456117997340710346e+00
8.252282582131243771e+00
8.058914497591986859e+00
7.869710622223353269e+00
7.686120717731995455e+00
7.515005580442275956e+00
7.355097188662142571e+00
7.194577542277412974e+00
7.055579172989180137e+00
6.913036188566501039e+00
6.802501416092727737e+00
6.693661514608230334e+00
6.596360102432509365e+00
6.505606711367924788e+00
6.417951265764344271e+00
6.316299295543466030e+00
6.241973979073801360e+00
6.186378783713710305e+00
6.084963241427480796e+00
6.020316246119186587e+00
5.957920978603095108e+00
5.900968776789486725e+00
5.861412026494917882e+00
5.811134202999237885e+00
5.764467139121336459e+00
5.745640552616034569e+00
5.698839603166572232e+00
5.666144798944213079e+00
5.651484638911963287e+00
5.620465735743934488e+00
5.609927864641985451e+00
5.599416156227611907e+00
5.592752897652196964e+00
5.588133643767413616e+00
5.577945026465144451e+00
5.558260400178593130e+00
5.548150715535651756e+00
5.532569463274608523e+00
5.504399976409889206e+00
5.470098222251063902e+00
5.430573135415823316e+00
5.393858723156746748e+00
5.348742626491414853e+00
5.307708765330868772e+00
5.252495541021453107e+00
5.200724154435498292e+00
5.145332579624501079e+00
5.081624640763219958e+00
5.028744451124222081e+00
4.979378662142721623e+00
4.932575922325000306e+00
4.894142136151906186e+00
4.857577687206973138e+00
4.829513582498051960e+00
4.807103049408951279e+00
4.786111593781878781e+00
4.771968718169201651e+00
4.761348110702151359e+00
4.756535270187004727e+00
4.752566748243172157e+00
4.742862885157624220e+00
4.732848143781907879e+00
4.721027205062071630e+00
4.713871807587942442e+00
4.700530928260299390e+00
4.685124427019719207e+00
4.667671144251816173e+00
4.648945091606787372e+00
4.628641491789380780e+00
4.607136502322653371e+00
4.583995780643729034e+00
4.560167561318191787e+00
4.532266363460504266e+00
4.503203341445011887e+00
4.475812543446544112e+00
4.447377197780287617e+00
4.414981450318357759e+00
4.382308151473672808e+00
4.352728104894200811e+00
4.317353470997232989e+00
4.282424901632825964e+00
4.246972936611879135e+00
4.211696210922866612e+00
4.175414761550758413e+00
4.138566624024743845e+00
4.102573913396081906e+00
4.067546290735826631e+00
4.029941603656592264e+00
3.993285957856279822e+00
3.957584938063295255e+00
3.918061113193218148e+00
3.882321394010695315e+00
3.846227636137935946e+00
3.808053021648657221e+00
3.770481261187523359e+00
3.731880493808226618e+00
3.694648662158328989e+00
3.654768094449007521e+00
3.615053961131387439e+00
3.575714893366086500e+00
3.537182480433347820e+00
3.480067209879955215e+00
3.436878278522435437e+00
3.389991840245638599e+00
3.343156619295744036e+00
3.295682266894129242e+00
3.243624878633415420e+00
3.190393464699788240e+00
3.135296811575766895e+00
3.076407936202258497e+00
3.007910689371733781e+00
2.945128361001795980e+00
2.875550595654022601e+00
2.802782004954163853e+00
2.736483291453879474e+00
2.658432885685552804e+00
2.585904950912890854e+00
2.523893340092449478e+00
2.461179525737236418e+00
2.403211520455514005e+00
2.354510331488938846e+00
2.313303833021830513e+00
2.274457209201923291e+00
2.240970513239471273e+00
2.224005808325369316e+00
2.194153050945004679e+00
2.173099669399224609e+00
2.163552095782161899e+00
2.156781013272301095e+00
2.166481482250137702e+00
2.164320978049332211e+00
2.162022741066046194e+00
2.165065503707410244e+00
2.151176943195451940e+00
2.132007503596309306e+00
2.105149432806427967e+00
2.069931038700019599e+00
2.030714161025954922e+00
1.992281584461633059e+00
1.937644109071239740e+00
1.888096979995175673e+00
1.837107966925842106e+00
1.806052771949115510e+00
1.765337962531912552e+00
1.739323617947302836e+00
1.710749374647672738e+00
1.693529119755893930e+00
1.675159181536173492e+00
1.685199767978581065e+00
1.669129320004429928e+00
1.663456997492971823e+00
1.651577968078161263e+00
1.624234835772842445e+00
1.604812650929289930e+00
1.579869468258618070e+00
1.560107254801906151e+00
1.545867902966357121e+00
1.542402069256173291e+00
1.537847899725576895e+00
1.538935908733584768e+00
1.549398421245012258e+00
1.566291194880900406e+00
1.592170485861558404e+00
1.610545692697098019e+00
1.627763728801028265e+00
1.653161487677365926e+00
1.682501911952986262e+00
1.730498005465840095e+00
1.862006993488446227e+00
2.021624913856623351e+00
2.189660082861625057e+00
2.366696344689067644e+00
2.536232502304223146e+00
2.714752741777637368e+00
2.906864487146410880e+00
3.085009229863864277e+00
3.266372445130475199e+00
3.447852362934280990e+00
3.643528020439489978e+00
3.828661147609665250e+00
4.006699224804059156e+00
4.192323470411164266e+00
4.374995616959921563e+00
4.555369384543539013e+00
4.735414310918681480e+00
4.913031234694486216e+00
5.087085015037651203e+00
5.258696298767080890e+00
5.441972870036540399e+00
5.609919619008859826e+00
5.779270243993508416e+00
5.947254376607983062e+00
6.117968606826597266e+00
6.286612170734841243e+00
6.456146660707442919e+00
6.610192710660779625e+00
