2.757738304138183594e+01
2.743605613708496094e+01
2.729957389831542969e+01
2.716767501831054688e+01
2.704029083251953125e+01
2.692677497863769531e+01
2.682672119140625000e+01
2.673211097717285156e+01
2.664274406433105469e+01
2.655901336669921875e+01
2.648084831237792969e+01
2.640782356262207031e+01
2.634098052978515625e+01
2.627132225036621094e+01
2.619966506958007812e+01
2.612777328491210938e+01
2.605548858642578125e+01
2.598466300964355469e+01
2.592008399963378906e+01
2.586749649047851562e+01
2.583530044555664062e+01
2.582889366149902344e+01
2.585271263122558594e+01
2.590304183959960938e+01
2.593762588500976562e+01
2.594662857055664062e+01
2.595386695861816406e+01
2.595855140686035156e+01
2.596151351928710938e+01
2.596485710144042969e+01
2.597854995727539062e+01
2.597428321838378906e+01
2.590039825439453125e+01
2.574563217163085938e+01
2.554041862487792969e+01
2.532654571533203125e+01
2.511253356933593750e+01
2.490134239196777344e+01
2.469364738464355469e+01
2.448981857299804688e+01
2.428986549377441406e+01
2.409418678283691406e+01
2.390228462219238281e+01
2.371464347839355469e+01
2.353110313415527344e+01
2.335136604309082031e+01
2.317563438415527344e+01
2.300410842895507812e+01
2.283640098571777344e+01
2.267252159118652344e+01
2.251257514953613281e+01
2.235666847229003906e+01
2.220461845397949219e+01
2.205643081665039062e+01
2.191211891174316406e+01
2.177175521850585938e+01
2.163540077209472656e+01
2.150294303894042969e+01
2.137456703186035156e+01
2.125021934509277344e+01
2.112988662719726562e+01
2.101375961303710938e+01
2.090182495117187500e+01
2.079389572143554688e+01
2.068994903564453125e+01
2.058291053771972656e+01
2.047274971008300781e+01
2.035943984985351562e+01
2.024293708801269531e+01
2.012324333190917969e+01
2.000032234191894531e+01
1.987409591674804688e+01
1.974451828002929688e+01
1.961154747009277344e+01
1.947514152526855469e+01
1.933525085449218750e+01
1.919187355041503906e+01
1.904493522644042969e+01
1.889521026611328125e+01
1.874264335632324219e+01
1.858761024475097656e+01
1.842984199523925781e+01
1.826459121704101562e+01
1.809499168395996094e+01
1.792275428771972656e+01
1.774794197082519531e+01
1.757060813903808594e+01
1.737830924987792969e+01
1.717900466918945312e+01
1.697707939147949219e+01
1.677166175842285156e+01
1.655484008789062500e+01
1.633531761169433594e+01
1.611305618286132812e+01
1.588774299621582031e+01
1.565969467163085938e+01
1.542872810363769531e+01
1.519454956054687500e+01
1.495752525329589844e+01
1.471720218658447266e+01
1.447370052337646484e+01
1.422705459594726562e+01
1.397665119171142578e+01
1.372327613830566406e+01
1.346557331085205078e+01
1.320476055145263672e+01
1.293935966491699219e+01
1.267011737823486328e+01
1.239673042297363281e+01
1.211908912658691406e+01
1.183847141265869141e+01
1.155622005462646484e+01
1.127605438232421875e+01
1.100104713439941406e+01
1.072673606872558594e+01
1.044883060455322266e+01
1.017107200622558594e+01
9.904334068298339844e+00
9.647671699523925781e+00
9.400196075439453125e+00
9.161355018615722656e+00
8.931117057800292969e+00
8.709407806396484375e+00
8.496583938598632812e+00
8.292607307434082031e+00
8.096878051757812500e+00
7.909284114837646484e+00
7.729555606842041016e+00
7.557294368743896484e+00
7.392586708068847656e+00
7.242207527160644531e+00
7.110685348510742188e+00
6.985505104064941406e+00
6.867176532745361328e+00
6.755889892578125000e+00
6.651422977447509766e+00
6.553513050079345703e+00
6.462828159332275391e+00
6.378304481506347656e+00
6.299943923950195312e+00
6.226294040679931641e+00
6.158639907836914062e+00
6.095575809478759766e+00
6.038629531860351562e+00
5.986457824707031250e+00
5.940255165100097656e+00
5.898343563079833984e+00
5.859495162963867188e+00
5.825193881988525391e+00
5.795432567596435547e+00
5.769865512847900391e+00
5.748669147491455078e+00
5.732105731964111328e+00
5.720169544219970703e+00
5.712853908538818359e+00
5.710153102874755859e+00
5.703116416931152344e+00
5.691734313964843750e+00
5.675995826721191406e+00
5.655781745910644531e+00
5.630271911621093750e+00
5.600194454193115234e+00
5.565558433532714844e+00
5.526368141174316406e+00
5.482639789581298828e+00
5.434408664703369141e+00
5.382068157196044922e+00
5.325385093688964844e+00
5.265119552612304688e+00
5.200879573822021484e+00
5.142994403839111328e+00
5.090296745300292969e+00
5.044003486633300781e+00
5.002660274505615234e+00
4.967029571533203125e+00
4.936822891235351562e+00
4.911541938781738281e+00
4.891235351562500000e+00
4.875946044921875000e+00
4.865992546081542969e+00
4.860962867736816406e+00
4.854487895965576172e+00
4.846513748168945312e+00
4.836985111236572266e+00
4.825850963592529297e+00
4.813059329986572266e+00
4.798559665679931641e+00
4.782302379608154297e+00
4.764487266540527344e+00
4.745479106903076172e+00
4.724657058715820312e+00
4.701974868774414062e+00
4.677386283874511719e+00
4.652117729187011719e+00
4.624962806701660156e+00
4.595854759216308594e+00
4.565818786621093750e+00
4.534363746643066406e+00
4.500913619995117188e+00
4.467034339904785156e+00
4.431500434875488281e+00
4.394744873046875000e+00
4.357697486877441406e+00
4.319018840789794922e+00
4.281177997589111328e+00
4.241924762725830078e+00
4.203289508819580078e+00
4.163763523101806641e+00
4.124755859375000000e+00
4.085075378417968750e+00
4.045863151550292969e+00
4.006003379821777344e+00
3.966478586196899414e+00
3.926356077194213867e+00
3.885964870452880859e+00
3.844863176345825195e+00
3.803414583206176758e+00
3.761353969573974609e+00
3.718758344650268555e+00
3.675129413604736328e+00
3.630406618118286133e+00
3.584003210067749023e+00
3.536367654800415039e+00
3.487028837203979492e+00
3.435719728469848633e+00
3.382932662963867188e+00
3.327269315719604492e+00
3.270078659057617188e+00
3.209946870803833008e+00
3.147616624832153320e+00
3.082800149917602539e+00
3.014890432357788086e+00
2.945008516311645508e+00
2.871193885803222656e+00
2.795548677444458008e+00
2.716787576675415039e+00
2.635902643203735352e+00
2.552511930465698242e+00
2.474401473999023438e+00
2.401829481124877930e+00
2.334743022918701172e+00
2.273357391357421875e+00
2.217773437500000000e+00
2.167985200881958008e+00
2.124105691909790039e+00
2.086179494857788086e+00
2.054200887680053711e+00
2.028151750564575195e+00
2.008040666580200195e+00
1.993876576423645020e+00
1.985694527626037598e+00
1.983472824096679688e+00
1.975913643836975098e+00
1.963022470474243164e+00
1.944803714752197266e+00
1.921262741088867188e+00
1.892403841018676758e+00
1.858609318733215332e+00
1.819770455360412598e+00
1.776054978370666504e+00
1.728379726409912109e+00
1.677669048309326172e+00
1.625496745109558105e+00
1.575329303741455078e+00
1.531293869018554688e+00
1.496362566947937012e+00
1.470359206199645996e+00
1.450798869132995605e+00
1.434974312782287598e+00
1.421236872673034668e+00
1.408465266227722168e+00
1.395669221878051758e+00
1.381848454475402832e+00
1.365201711654663086e+00
1.342945814132690430e+00
1.313545823097229004e+00
1.280661344528198242e+00
1.250366210937500000e+00
1.228165507316589355e+00
1.213672399520874023e+00
1.206479191780090332e+00
1.204729914665222168e+00
1.206772685050964355e+00
1.211805105209350586e+00
1.219416737556457520e+00
1.229417443275451660e+00
1.241783976554870605e+00
1.256701350212097168e+00
1.275535225868225098e+00
1.317509412765502930e+00
1.424681305885314941e+00
1.581680536270141602e+00
1.752010464668273926e+00
1.926946640014648438e+00
2.103365659713745117e+00
2.280199766159057617e+00
2.457130193710327148e+00
2.633143186569213867e+00
2.813918352127075195e+00
2.999368906021118164e+00
3.189132213592529297e+00
3.377653121948242188e+00
3.564751625061035156e+00
3.750324964523315430e+00
3.934561491012573242e+00
4.117141246795654297e+00
4.298522949218750000e+00
4.478261470794677734e+00
4.656877040863037109e+00
4.833964347839355469e+00
5.009938716888427734e+00
5.184544086456298828e+00
5.358016967773437500e+00
5.530276298522949219e+00
5.701388835906982422e+00
5.871403694152832031e+00
6.040293216705322266e+00
6.195546150207519531e+00
