2.775213521085779078e+01
2.775213521085779078e+01
2.743011889985384499e+01
2.743011889985384499e+01
2.719448268980679373e+01
2.719448268980679373e+01
2.698675646690140439e+01
2.698675646690140439e+01
2.680568838731811709e+01
2.680568838731811709e+01
2.655282932726753131e+01
2.655282932726753131e+01
2.636203992997836565e+01
2.636203992997836565e+01
2.616746901685124627e+01
2.610675835949235690e+01
2.602027961033433101e+01
2.595632860501342165e+01
2.564973459258583688e+01
2.563495404793425436e+01
2.564568465699247923e+01
2.568473567749138908e+01
2.576286036500289001e+01
2.581726066246088891e+01
2.587737524415389956e+01
2.586482897689250748e+01
2.584832667727662070e+01
2.598106867047357582e+01
2.599387028303983982e+01
2.605510940695353028e+01
2.608138168940654467e+01
2.610302634337038796e+01
2.605519130021446728e+01
2.594299948763019614e+01
2.576431165000337487e+01
2.549200620302446296e+01
2.528496038872601304e+01
2.508782250189329233e+01
2.485261646535115432e+01
2.469164784989150618e+01
2.447304645124275879e+01
2.433526625098961560e+01
2.409379378589640197e+01
2.386589535617427771e+01
2.369497036905506349e+01
2.348979725436514343e+01
2.324372195582530054e+01
2.307860291835629241e+01
2.288820057396060648e+01
2.271411054467278490e+01
2.272275916339952673e+01
2.255331301258256005e+01
2.236170953162049457e+01
2.209896075656051551e+01
2.194088232815827055e+01
2.179851018889880265e+01
2.163323449747386107e+01
2.153956010895998219e+01
2.147872057503357013e+01
2.131822360985891862e+01
2.113527372405580351e+01
2.094392036029355708e+01
2.057298381335289861e+01
2.059355264765707716e+01
2.051886944937553992e+01
2.051733540162604186e+01
2.044434552162143603e+01
2.028387465074758467e+01
2.015240194216176661e+01
2.019456174806649784e+01
2.005752735276229259e+01
1.993401818407424031e+01
1.979560261386369291e+01
1.968388438335394142e+01
1.950659432421256057e+01
1.935307402386889564e+01
1.920194852512294759e+01
1.903528754061222017e+01
1.896444358937158370e+01
1.880887371240584471e+01
1.863452961391036666e+01
1.848557450929252610e+01
1.830720980736496628e+01
1.816719184538523990e+01
1.789522234074766516e+01
1.773641773153530465e+01
1.753011189917029355e+01
1.733714402504201857e+01
1.710528577856266352e+01
1.690679763251754153e+01
1.669951018803628884e+01
1.650836044176556072e+01
1.626980502775275994e+01
1.602040133732473848e+01
1.576784672598987136e+01
1.561366496757369049e+01
1.536660370426446498e+01
1.511851908598644734e+01
1.485704641393795633e+01
1.463223609778168210e+01
1.442938131814834790e+01
1.418171773096143440e+01
1.392820823669576669e+01
1.367702370604747131e+01
1.341739914271788159e+01
1.316230845295993923e+01
1.288980808262274635e+01
1.261956924919499556e+01
1.234094913513678016e+01
1.205798059669060507e+01
1.178775480942815790e+01
1.150220066769453986e+01
1.122170430065747659e+01
1.095289185258818243e+01
1.067675240141523574e+01
1.040056504276664917e+01
1.011589964809771836e+01
9.849960540385293228e+00
9.591190903453167493e+00
9.349997155842753926e+00
9.105759930811528235e+00
8.882287484322146653e+00
8.655288788068670414e+00
8.451200946979403383e+00
8.239889535177647772e+00
8.045172187756145732e+00
7.854589818460679496e+00
7.676638609264653468e+00
7.500831303231038305e+00
7.350267560435348457e+00
7.202499832108156141e+00
7.059766383324872052e+00
6.938645006874359922e+00
6.824109613783747363e+00
6.732973020433639988e+00
6.620279465032776756e+00
6.549929095260871748e+00
6.446726342529366605e+00
6.379180113816133257e+00
6.281380610563193301e+00
6.198859134629305601e+00
6.148131189983061518e+00
6.065067250117763820e+00
5.993772767817713287e+00
5.953059385682983873e+00
5.911326807759959223e+00
5.855335471819984150e+00
5.817962614188775916e+00
5.778414810216954578e+00
5.752741228881401270e+00
5.746617953072664875e+00
5.726616689445705788e+00
5.709832111775387631e+00
5.716248127985942062e+00
5.679564148464152140e+00
5.673999263695428397e+00
5.668266246697484689e+00
5.640096878125238078e+00
5.641071026270584099e+00
5.622952273891673514e+00
5.592475063422362780e+00
5.567103354949967553e+00
5.530884143193190994e+00
5.487659867015899806e+00
5.437941768246108865e+00
5.395122856794500876e+00
5.342925210174222173e+00
5.279982287285303499e+00
5.212918540459678951e+00
5.153391994241033558e+00
5.107947818133347084e+00
5.036672371873240905e+00
4.995513332147208274e+00
4.955814810702491968e+00
4.917073091349607239e+00
4.884552798672562091e+00
4.856858366862635279e+00
4.851550380518023786e+00
4.836056518295478668e+00
4.823977473545646433e+00
4.820313062333095644e+00
4.812910497753353667e+00
4.804363410140258139e+00
4.795105181060570487e+00
4.785746778461295037e+00
4.773606223564470952e+00
4.757593168920358551e+00
4.743956877681956286e+00
4.723848657145971686e+00
4.705957321045200814e+00
4.682917454668363177e+00
4.661313471492388061e+00
4.637328502665077679e+00
4.610764629440804896e+00
4.584014590738625827e+00
4.553493574549559497e+00
4.524438653083574735e+00
4.494162364503292650e+00
4.461629127714985543e+00
4.428432211171351440e+00
4.390745004505532734e+00
4.354928404293161748e+00
4.318007681667676678e+00
4.279252282507549410e+00
4.241925053363008402e+00
4.203511593919273537e+00
4.163760116051243187e+00
4.125366308233648027e+00
4.084694509690123709e+00
4.046257740767931210e+00
4.005102060901819527e+00
3.962965060862583044e+00
3.926002881649548470e+00
3.883466749050736411e+00
3.843682783891161137e+00
3.805058676443785259e+00
3.761527901588536338e+00
3.720749619414203124e+00
3.679721472861483988e+00
3.640242876376472481e+00
3.595583302912867651e+00
3.552540980560525696e+00
3.504132349368411781e+00
3.461009674712158812e+00
3.400871558365412994e+00
3.350967559871364188e+00
3.300390188793478785e+00
3.246105412312186189e+00
3.179936207283443395e+00
3.116763724106213829e+00
3.067702725215902149e+00
2.995326489971716910e+00
2.923524750294777874e+00
2.849818932912977942e+00
2.781690096632591036e+00
2.703412322330805750e+00
2.623111282843140657e+00
2.530576248679441420e+00
2.454490130787917224e+00
2.394077918486242851e+00
2.328557342854644219e+00
2.269260236594611513e+00
2.218763858302278180e+00
2.168824878715422955e+00
2.135767192197018716e+00
2.092690115522337635e+00
2.065893081464583503e+00
2.010706409686701335e+00
1.994703072861835125e+00
1.975791740643462191e+00
1.968889467153918105e+00
1.985663894915717265e+00
1.960165456247942473e+00
1.958950298716501948e+00
1.945011228214614363e+00
1.937260174531342471e+00
1.886790524987521422e+00
1.845589331184530835e+00
1.804881351879803475e+00
1.792983092249237131e+00
1.731710388950805424e+00
1.713705862474586894e+00
1.667507045292463630e+00
1.627136092288399283e+00
1.600712382795933308e+00
1.550645556689943305e+00
1.520918714842515840e+00
1.492370136953915960e+00
1.451390488392892308e+00
1.447246011540165966e+00
1.428037681328724773e+00
1.424817449179517581e+00
1.422994739365091021e+00
1.380917535569089694e+00
1.360043348619420556e+00
1.330909196798259586e+00
1.313046267760839214e+00
1.275580245943661595e+00
1.251277602110526743e+00
1.255510240638763264e+00
1.241917185600716067e+00
1.239663769137671068e+00
1.240662275019765559e+00
1.245345351997155348e+00
1.254525451569708849e+00
1.265212911783997640e+00
1.279289060213343987e+00
1.288616863597628281e+00
1.313666581506534925e+00
1.341812462934612427e+00
1.441831296898349990e+00
1.628232620345560377e+00
1.792741565260339343e+00
1.952615368437424337e+00
2.133522271591964170e+00
2.306268217168891965e+00
2.487065947500095575e+00
2.668051634099629865e+00
2.847555902659077987e+00
3.032958469565581794e+00
3.219336842200775095e+00
3.407003722391124256e+00
3.583822963966227348e+00
3.757180078767454745e+00
3.970289342266681842e+00
4.150244311150327547e+00
4.330084798459804318e+00
4.507706284999080992e+00
4.675857622530408264e+00
4.857516168744314911e+00
5.038842207560797704e+00
5.212064063893372179e+00
5.377608351204376191e+00
5.545304652940465928e+00
5.716080733783829970e+00
5.886610223015214416e+00
6.051716818163281886e+00
6.204514134885748433e+00
