1.008792038169531757e+01
1.008792038169531757e+01
9.654208927383040262e+00
9.654208927383040262e+00
9.257147829422505581e+00
9.257147829422505581e+00
8.861100947523478766e+00
8.861100947523478766e+00
8.482044042650070281e+00
8.482044042650070281e+00
8.165954445940833750e+00
8.165954445940833750e+00
7.882454133398439922e+00
7.882454133398439922e+00
7.586845657767414153e+00
7.447008206582127698e+00
7.253250373581701105e+00
7.088628197815276977e+00
6.881209965996601952e+00
6.688477123305084149e+00
6.480603321905979541e+00
6.240009340355664236e+00
6.003478345071587619e+00
5.745377711169753709e+00
5.455586037106353814e+00
4.978486017453927381e+00
4.739475336448216503e+00
4.475582153720262468e+00
4.189835361148468884e+00
3.898846376749077969e+00
3.620405073740879942e+00
3.341913130650395303e+00
3.221673775091730363e+00
3.001234743311580466e+00
2.829490756089930947e+00
2.686565423682284681e+00
2.463882675689573531e+00
2.341509233513420440e+00
2.142546746533563251e+00
2.001426818712503497e+00
1.794609497752404970e+00
1.604638435264427621e+00
1.411186403802466849e+00
1.192045051315158588e+00
1.006534992300684550e+00
8.221262209220627781e-01
6.188699184122210539e-01
4.560320734156784184e-01
3.195047063916787167e-01
1.705946619599663094e-01
3.338253050440798120e-02
-9.770249351899895629e-02
-2.881400180084536800e-01
-3.958791183433163496e-01
-5.071462536458311021e-01
-6.012573091096893307e-01
-6.840048353828453997e-01
-7.705524025056460502e-01
-8.330475920457374173e-01
-8.550523900143947031e-01
-9.101168515180066976e-01
-1.111852327171780175e+00
-1.106711978759878257e+00
-1.107621097664923226e+00
-1.168248029761063123e+00
-1.281035561505005305e+00
-1.352885079014339631e+00
-1.464066994146639544e+00
-1.611682798174779663e+00
-1.772795253481015187e+00
-1.863348075468947762e+00
-1.960803228529184317e+00
-2.064565236319111818e+00
-2.166964380433129556e+00
-2.275767543250017511e+00
-2.354031748166630855e+00
-2.464292519069321230e+00
-2.578510424760531272e+00
-2.683609776662606805e+00
-2.783009243190647908e+00
-2.890630943522803697e+00
-2.995879528453580853e+00
-3.083930552263566938e+00
-3.195070922288769211e+00
-3.310774965591551044e+00
-3.436647205424848472e+00
-3.551053057665230384e+00
-3.642889346465444156e+00
-3.735954428191500476e+00
-3.817196654188572680e+00
-3.898871483825370632e+00
-3.970179661000419635e+00
-4.008778827114649168e+00
-4.066941813077808554e+00
-4.127722428804676547e+00
-4.190111889689561053e+00
-4.236235716984058541e+00
-4.294154681436611831e+00
-4.355031946886770200e+00
-4.406434298046674414e+00
-4.455769558448173129e+00
-4.506981973595917346e+00
-4.556523698530935640e+00
-4.606663659071081440e+00
-4.648837313125659065e+00
-4.694531622340655908e+00
-4.736328421991370163e+00
-4.760176008770753420e+00
-4.781320952372978716e+00
-4.785339225741897629e+00
-4.763178091256746960e+00
-4.725667767672450559e+00
-4.668988336462629896e+00
-4.575152192262210704e+00
-4.492221231103256329e+00
-4.451180781511623330e+00
-4.391520467310932929e+00
-4.313204272431401698e+00
-4.222709827377106429e+00
-4.134297227385185458e+00
-4.052876082903721588e+00
-3.973665103013037658e+00
-3.874277239827991437e+00
-3.790961250603296584e+00
-3.709832949617455355e+00
-3.629441716027481668e+00
-3.542762031217012719e+00
-3.464274214870498803e+00
-3.382814394603838259e+00
-3.314458277895897531e+00
-3.247635667259211267e+00
-3.144802596810117201e+00
-3.054329237765063709e+00
-2.970068474676597070e+00
-2.894105053408450701e+00
-2.822623958042008496e+00
-2.745366152900927226e+00
-2.710508560092882213e+00
-2.642093355303905433e+00
-2.579202346443064009e+00
-2.538142657082418374e+00
-2.491698660791444198e+00
-2.452835293816184148e+00
-2.398028425100246608e+00
-2.363488529246976277e+00
-2.336759355712270114e+00
-2.319628784680719313e+00
-2.288537165014743913e+00
-2.299363442518361111e+00
-2.277478822374156664e+00
-2.265980343957265220e+00
-2.249421326152657663e+00
-2.232955973404818550e+00
-2.231511280521291773e+00
-2.229016366674063221e+00
-2.243079466729911431e+00
-2.228437561513547216e+00
-2.227253204480417637e+00
-2.218042260733636972e+00
-2.200712974437180947e+00
-2.216888193504489735e+00
-2.172887446820157997e+00
-2.147209064526041544e+00
-2.134908342332868081e+00
-2.111845567242210286e+00
-2.079204924345366301e+00
-2.054059085089359193e+00
-2.005738047852019257e+00
-1.973224041039292054e+00
-1.943230000250569134e+00
-1.899919955735545507e+00
-1.871175010848710407e+00
-1.839696313867569266e+00
-1.813524027663691918e+00
-1.787891723651602760e+00
-1.760714943872214278e+00
-1.750216915337437840e+00
-1.737749556140833818e+00
-1.724586273032223893e+00
-1.717337620477040971e+00
-1.713252009692887157e+00
-1.709872690363021697e+00
-1.705247168203878338e+00
-1.696213292372285686e+00
-1.686649799673282324e+00
-1.680514564953802470e+00
-1.668255599202163708e+00
-1.656042207163787694e+00
-1.638237604501564526e+00
-1.623453371127952849e+00
-1.605451233744505046e+00
-1.585281839959197470e+00
-1.562080292871564247e+00
-1.538041962233322124e+00
-1.510260831032697482e+00
-1.482431411659631770e+00
-1.447608471345101400e+00
-1.416622441119293363e+00
-1.380362343522307356e+00
-1.340836754698457867e+00
-1.306840647414031054e+00
-1.264016366707122252e+00
-1.218343059266619122e+00
-1.171545233618781268e+00
-1.118922212707381014e+00
-1.065604858155432488e+00
-1.013529243697447235e+00
-9.560766978080197376e-01
-8.972904809541830673e-01
-8.344332362075590481e-01
-7.706723650752778099e-01
-7.062221404350923493e-01
-6.402589592053562484e-01
-5.694857301903777369e-01
-4.962192056004282037e-01
-4.229864450265239384e-01
-3.449356359377340198e-01
-2.623070916077514525e-01
-1.764295919943821289e-01
-8.852927166659885216e-02
-3.677816002615408308e-03
8.564789295066033148e-02
1.715763521525444091e-01
2.725516834416974454e-01
3.698904015822779279e-01
4.707604963412213017e-01
5.683061319914601839e-01
6.714082190013099805e-01
7.732770801717814280e-01
8.764508645663116049e-01
9.855986066939270707e-01
1.088893601794925559e+00
1.205990985756364431e+00
1.305282248997256200e+00
1.406045213207212985e+00
1.519159196500535547e+00
1.624114061598776360e+00
1.735341411516123422e+00
1.828222221759370214e+00
1.922706955446008781e+00
2.004800783970389411e+00
2.084312203393079432e+00
2.157491650082578261e+00
2.223609298940035117e+00
2.259280703056763873e+00
2.302292099589109409e+00
2.358500781040802963e+00
2.393693118278771959e+00
2.415966472230892670e+00
2.421216529248831240e+00
2.427015028804245578e+00
2.455279562913836422e+00
2.474182401392924557e+00
2.503145885577595653e+00
2.504292594121362292e+00
2.564235601514802454e+00
2.596737160853046955e+00
2.632335406222669150e+00
2.679036655427936786e+00
2.732833094829528520e+00
2.770894243063467322e+00
2.821828480162953845e+00
2.894768960763205001e+00
2.998137927454737284e+00
3.109067471079295153e+00
3.229150761809988168e+00
3.347478040183550441e+00
3.482476176299727832e+00
3.617073515576687104e+00
3.763827991593449163e+00
3.882362062574624684e+00
4.031650152650238184e+00
4.198942723244479147e+00
4.372710734920533859e+00
4.527757358552803701e+00
4.729389923720695776e+00
4.890684591266994730e+00
5.113844072562098830e+00
5.305748046068482715e+00
5.531927457185612518e+00
5.754064479038888180e+00
5.982704760081054118e+00
6.203807127869164439e+00
6.432076208850499022e+00
6.675972570221368585e+00
6.923699498452928758e+00
7.178130120524740754e+00
7.446560103395182040e+00
7.709567339589742829e+00
7.993692823040323248e+00
8.238759956205656820e+00
8.478262020985305014e+00
8.695936864970082780e+00
8.906192333840767361e+00
9.128965457583696264e+00
9.336238736457236342e+00
9.551522645456429927e+00
9.754378740742922105e+00
9.953614726697075810e+00
1.015512146265132465e+01
1.035899940024762778e+01
1.057165610358370600e+01
1.077356581154153048e+01
1.097635138912987074e+01
1.117140898047802899e+01
1.136640422123842953e+01
1.156154750926893549e+01
1.176213792244756107e+01
1.195796051471907973e+01
1.214491660529241557e+01
1.230455543445300037e+01
1.248938615977939293e+01
1.266384456249300783e+01
1.284563234795609077e+01
1.302274110138466412e+01
1.318868120417197609e+01
1.336285620053107337e+01
1.352028270602317583e+01
