8.866492271423339844e+00
8.683224678039550781e+00
8.507111549377441406e+00
8.338296890258789062e+00
8.177702903747558594e+00
8.020906448364257812e+00
7.866338729858398438e+00
7.716718673706054688e+00
7.572713375091552734e+00
7.434739589691162109e+00
7.303110122680664062e+00
7.178178787231445312e+00
7.059395790100097656e+00
6.932708740234375000e+00
6.797688961029052734e+00
6.653553485870361328e+00
6.500525951385498047e+00
6.337863445281982422e+00
6.163954734802246094e+00
5.977766036987304688e+00
5.779391765594482422e+00
5.570506572723388672e+00
5.354643344879150391e+00
5.134732723236083984e+00
4.915184020996093750e+00
4.696149826049804688e+00
4.465718746185302734e+00
4.222575664520263672e+00
3.966601371765136719e+00
3.694659233093261719e+00
3.412484169006347656e+00
3.132091045379638672e+00
2.863934278488159180e+00
2.635865449905395508e+00
2.458292245864868164e+00
2.299758195877075195e+00
2.149630069732666016e+00
2.003529071807861328e+00
1.860377192497253418e+00
1.719543457031250000e+00
1.581148624420166016e+00
1.444481134414672852e+00
1.310417413711547852e+00
1.178222656250000000e+00
1.048186063766479492e+00
9.208325147628784180e-01
7.959619164466857910e-01
6.735729575157165527e-01
5.539111495018005371e-01
4.369872808456420898e-01
3.226660192012786865e-01
2.108087092638015747e-01
1.017333939671516418e-01
-4.548339638859033585e-03
-1.080273389816284180e-01
-2.087829560041427612e-01
-3.068939149379730225e-01
-4.021667242050170898e-01
-4.941857755184173584e-01
-5.831561088562011719e-01
-6.691631674766540527e-01
-7.521460056304931641e-01
-8.323632478713989258e-01
-9.097509384155273438e-01
-9.843572974205017090e-01
-1.061313509941101074e+00
-1.140660405158996582e+00
-1.222432851791381836e+00
-1.306658267974853516e+00
-1.393411278724670410e+00
-1.482723951339721680e+00
-1.574545264244079590e+00
-1.668883681297302246e+00
-1.765742182731628418e+00
-1.865122675895690918e+00
-1.967022657394409180e+00
-2.071502685546875000e+00
-2.178521156311035156e+00
-2.287454843521118164e+00
-2.398306131362915039e+00
-2.510987520217895508e+00
-2.625555276870727539e+00
-2.735283851623535156e+00
-2.844434738159179688e+00
-2.955290555953979492e+00
-3.067837476730346680e+00
-3.182061672210693359e+00
-3.275513887405395508e+00
-3.362389564514160156e+00
-3.450463771820068359e+00
-3.537331581115722656e+00
-3.601897478103637695e+00
-3.667251586914062500e+00
-3.733250141143798828e+00
-3.798814535140991211e+00
-3.865088939666748047e+00
-3.931460380554199219e+00
-3.996943235397338867e+00
-4.063056468963623047e+00
-4.127700328826904297e+00
-4.191833019256591797e+00
-4.255417346954345703e+00
-4.316081523895263672e+00
-4.376937389373779297e+00
-4.431995868682861328e+00
-4.486409187316894531e+00
-4.532467365264892578e+00
-4.572147846221923828e+00
-4.603140830993652344e+00
-4.616620540618896484e+00
-4.613716125488281250e+00
-4.589361667633056641e+00
-4.533617973327636719e+00
-4.449883937835693359e+00
-4.371577739715576172e+00
-4.340912342071533203e+00
-4.285493850708007812e+00
-4.210300922393798828e+00
-4.130278110504150391e+00
-4.049200534820556641e+00
-3.968689441680908203e+00
-3.888799428939819336e+00
-3.809674501419067383e+00
-3.730606079101562500e+00
-3.651821851730346680e+00
-3.574309587478637695e+00
-3.498269081115722656e+00
-3.424244880676269531e+00
-3.352960824966430664e+00
-3.284274101257324219e+00
-3.209306001663208008e+00
-3.122031211853027344e+00
-3.039098978042602539e+00
-2.959791898727416992e+00
-2.883831024169921875e+00
-2.811543464660644531e+00
-2.742918729782104492e+00
-2.677254676818847656e+00
-2.615790367126464844e+00
-2.558564901351928711e+00
-2.505673170089721680e+00
-2.457504272460937500e+00
-2.415203094482421875e+00
-2.377596378326416016e+00
-2.346137762069702148e+00
-2.319575786590576172e+00
-2.295696973800659180e+00
-2.276057720184326172e+00
-2.258712053298950195e+00
-2.243638277053833008e+00
-2.231399536132812500e+00
-2.221669197082519531e+00
-2.213972091674804688e+00
-2.208293914794921875e+00
-2.204623460769653320e+00
-2.202947854995727539e+00
-2.199068546295166016e+00
-2.192975521087646484e+00
-2.184657573699951172e+00
-2.174377441406250000e+00
-2.161464691162109375e+00
-2.146396398544311523e+00
-2.129232168197631836e+00
-2.110257625579833984e+00
-2.089615345001220703e+00
-2.067119121551513672e+00
-2.042606830596923828e+00
-2.016308546066284180e+00
-1.987127661705017090e+00
-1.955780625343322754e+00
-1.924656271934509277e+00
-1.896052837371826172e+00
-1.867858886718750000e+00
-1.842891216278076172e+00
-1.820040822029113770e+00
-1.799855947494506836e+00
-1.783206701278686523e+00
-1.770079255104064941e+00
-1.760452270507812500e+00
-1.753913521766662598e+00
-1.751032710075378418e+00
-1.746857881546020508e+00
-1.741351842880249023e+00
-1.734485387802124023e+00
-1.726234078407287598e+00
-1.716578364372253418e+00
-1.705502271652221680e+00
-1.692994356155395508e+00
-1.678739547729492188e+00
-1.662222862243652344e+00
-1.644142985343933105e+00
-1.624495148658752441e+00
-1.603276968002319336e+00
-1.579098463058471680e+00
-1.553230524063110352e+00
-1.525702476501464844e+00
-1.495483398437500000e+00
-1.463026046752929688e+00
-1.428873300552368164e+00
-1.391655802726745605e+00
-1.352468848228454590e+00
-1.311087012290954590e+00
-1.266876816749572754e+00
-1.220984458923339844e+00
-1.171745538711547852e+00
-1.120813608169555664e+00
-1.066907286643981934e+00
-1.011050343513488770e+00
-9.523919224739074707e-01
-8.916747570037841797e-01
-8.281945586204528809e-01
-7.625982761383056641e-01
-6.942364573478698730e-01
-6.236248612403869629e-01
-5.503802299499511719e-01
-4.747106730937957764e-01
-3.964855968952178955e-01
-3.157684206962585449e-01
-2.324731349945068359e-01
-1.467639058828353882e-01
-5.844726413488388062e-02
3.213195875287055969e-02
1.251263469457626343e-01
2.202319353818893433e-01
3.171899318695068359e-01
4.162194728851318359e-01
5.163244605064392090e-01
6.182616949081420898e-01
7.209460139274597168e-01
8.247326612472534180e-01
9.293469190597534180e-01
1.034008741378784180e+00
1.139771699905395508e+00
1.244357824325561523e+00
1.350067138671875000e+00
1.455312490463256836e+00
1.561334252357482910e+00
1.667690396308898926e+00
1.765595674514770508e+00
1.855602979660034180e+00
1.937650084495544434e+00
2.012188673019409180e+00
2.079357862472534180e+00
2.139141798019409180e+00
2.191856622695922852e+00
2.237463235855102539e+00
2.276014328002929688e+00
2.307575702667236328e+00
2.332164287567138672e+00
2.349798440933227539e+00
2.360508918762207031e+00
2.364294290542602539e+00
2.373990535736083984e+00
2.389611721038818359e+00
2.411166906356811523e+00
2.438669443130493164e+00
2.472128868103027344e+00
2.511899471282958984e+00
2.557883262634277344e+00
2.610230684280395508e+00
2.669893741607666016e+00
2.737327814102172852e+00
2.813688993453979492e+00
2.901159524917602539e+00
3.001431703567504883e+00
3.114459276199340820e+00
3.238823175430297852e+00
3.373006582260131836e+00
3.516150951385498047e+00
3.667921066284179688e+00
3.828172445297241211e+00
3.996821165084838867e+00
4.172409534454345703e+00
4.354800701141357422e+00
4.543550968170166016e+00
4.738000392913818359e+00
4.937918663024902344e+00
5.144222259521484375e+00
5.357817173004150391e+00
5.578814506530761719e+00
5.807096958160400391e+00
6.042411804199218750e+00
6.284583568572998047e+00
6.533547401428222656e+00
6.789276123046875000e+00
7.051763534545898438e+00
7.321019172668457031e+00
7.597062587738037109e+00
7.879903316497802734e+00
8.167165756225585938e+00
8.443773269653320312e+00
8.692864418029785156e+00
8.929526329040527344e+00
9.159142494201660156e+00
9.383837699890136719e+00
9.604202270507812500e+00
9.819972038269042969e+00
1.003169059753417969e+01
1.024676227569580078e+01
1.046484470367431641e+01
1.068492412567138672e+01
1.090205287933349609e+01
1.111531734466552734e+01
1.132524585723876953e+01
1.153276062011718750e+01
1.173679447174072266e+01
1.193916225433349609e+01
1.213833999633789062e+01
1.233613014221191406e+01
1.253121280670166016e+01
1.272493648529052734e+01
1.291649913787841797e+01
1.310661792755126953e+01
1.329505348205566406e+01
1.348199653625488281e+01
1.366759014129638672e+01
1.385174751281738281e+01
1.402096939086914062e+01
