8.383496483717177483e+00
8.383496483717177483e+00
7.994633333095648275e+00
7.994633333095648275e+00
7.721551229604408206e+00
7.721551229604408206e+00
7.440810100133477434e+00
7.440810100133477434e+00
7.189918507064706255e+00
7.189918507064706255e+00
6.901669326808774763e+00
6.901669326808774763e+00
6.649296770572240334e+00
6.649296770572240334e+00
6.411064374440405444e+00
6.262962416998276716e+00
6.133900654406946096e+00
5.996506172200726681e+00
6.514066871931633251e+00
6.323623033308426677e+00
6.102878931607575552e+00
5.853623517934061660e+00
5.595424154706362785e+00
5.348020169814493130e+00
5.143256699361685946e+00
4.970424404683855713e+00
4.725590938655493289e+00
4.498056376700604098e+00
4.233575596008421371e+00
3.992911307860123937e+00
3.721008642001242261e+00
3.441892757742030184e+00
3.141571986740834710e+00
2.954269994849882508e+00
2.780514346309542972e+00
2.723957888001479866e+00
2.565046098777204797e+00
2.374007425362011148e+00
2.212514496204368797e+00
2.023159686380028965e+00
1.875022441688370733e+00
1.769511931806801996e+00
1.519209596756412317e+00
1.359065046069382277e+00
1.173584343973407051e+00
9.821751046249609374e-01
7.808794534456175995e-01
6.155857843038567978e-01
4.498237337827655224e-01
3.267431172804453610e-01
3.414777386412950477e-01
2.112400157437264170e-01
8.306576736462556454e-02
-7.520488982612771878e-02
-2.050299200412624145e-01
-2.889523768940431836e-01
-3.911380882222408317e-01
-4.690540748704092877e-01
-4.831372529277668804e-01
-5.152760563838594265e-01
-5.523277237950887653e-01
-6.732850675995170064e-01
-8.210106864660593473e-01
-9.254180297666447785e-01
-1.036286488973179765e+00
-1.045099190211661977e+00
-1.110122017153583940e+00
-1.178162923653797378e+00
-1.263795064033528703e+00
-1.372811611208965665e+00
-1.476636111409132646e+00
-1.584520076439459579e+00
-1.683537253850248661e+00
-1.783506064440691041e+00
-1.842080339157975644e+00
-1.952129088492760900e+00
-2.067638958516860193e+00
-2.179247063276976704e+00
-2.261559079928275651e+00
-2.377512853951569305e+00
-2.465504913624378958e+00
-2.588112174419387124e+00
-2.681297211612661435e+00
-2.801607093989741948e+00
-2.913731108282585858e+00
-3.013155710104316043e+00
-3.133786858533554209e+00
-3.219871476500647312e+00
-3.261458474665098528e+00
-3.338160309373300549e+00
-3.454894444361280570e+00
-3.514834889208486857e+00
-3.588394769471546120e+00
-3.655547897830394355e+00
-3.732814443419752770e+00
-3.790364438507178413e+00
-3.854686366158738942e+00
-3.923131262182012691e+00
-4.008974612765705992e+00
-4.066897267304620200e+00
-4.127147277808353110e+00
-4.191067525928144910e+00
-4.256941807232958119e+00
-4.313199311059118024e+00
-4.379050640949458284e+00
-4.432125528994149022e+00
-4.478413032926576776e+00
-4.523516584474617019e+00
-4.552871540962679653e+00
-4.564272479295173213e+00
-4.563575312096110004e+00
-4.543003921300212689e+00
-4.485781937681426967e+00
-4.409731792480972246e+00
-4.335095472320844578e+00
-4.304266817267757617e+00
-4.248889797089922205e+00
-4.175822681024038197e+00
-4.098502131788292147e+00
-4.018963236979733011e+00
-3.942550133153122083e+00
-3.862062700998250442e+00
-3.784504699443306031e+00
-3.707648825480760024e+00
-3.632102258305065945e+00
-3.558992835863709736e+00
-3.481024485555979098e+00
-3.407807230139164645e+00
-3.338452880264492606e+00
-3.272861780366084439e+00
-3.192526505780094226e+00
-3.110064876338519468e+00
-3.031960459923031870e+00
-2.960875608755376476e+00
-2.859938722128468669e+00
-2.766922771122055202e+00
-2.702295479770681297e+00
-2.663578619379924461e+00
-2.594738551109263547e+00
-2.553997788602291763e+00
-2.476056447751069811e+00
-2.424606856579710090e+00
-2.380188617609528379e+00
-2.371197924730298112e+00
-2.338069895708783541e+00
-2.298903627585523246e+00
-2.258306874876832460e+00
-2.244406453230356036e+00
-2.209158963403575093e+00
-2.185471859063914835e+00
-2.191864348831263243e+00
-2.188121913238344263e+00
-2.183256124452349844e+00
-2.181746184096113872e+00
-2.202379081763267799e+00
-2.184863468030482814e+00
-2.161380085834919029e+00
-2.162621144279139429e+00
-2.185132252176298806e+00
-2.168103438499416669e+00
-2.152110694019114590e+00
-2.159292761287669116e+00
-2.124314292593136422e+00
-2.117172418968101155e+00
-2.102312999432641938e+00
-2.058680232227331430e+00
-2.029026157962896981e+00
-2.010614612386431688e+00
-1.982544424152252738e+00
-1.952432155156494709e+00
-1.906314943407568130e+00
-1.889004989024773984e+00
-1.870779590127607861e+00
-1.840183416829420437e+00
-1.820338657663962856e+00
-1.795724811218698314e+00
-1.781482543280931807e+00
-1.772665785337522060e+00
-1.760581221694301313e+00
-1.754066770011083243e+00
-1.750267470871173181e+00
-1.746682285701953496e+00
-1.742307659217135374e+00
-1.732725650944837881e+00
-1.725346717523374984e+00
-1.718601004573893754e+00
-1.706818331930743504e+00
-1.692481769932293822e+00
-1.675871783730098485e+00
-1.660620022191313883e+00
-1.645152276928721680e+00
-1.626997989649919596e+00
-1.605194038383238819e+00
-1.580393709782486500e+00
-1.552948830484194076e+00
-1.525530668097287990e+00
-1.496384710465711088e+00
-1.461631258906098463e+00
-1.430694704394870787e+00
-1.393041402699333631e+00
-1.352466382721733140e+00
-1.308408379513842146e+00
-1.265309873851625966e+00
-1.216540164293314241e+00
-1.167665799033003271e+00
-1.113195960227543413e+00
-1.061609308078732994e+00
-1.004783720462671059e+00
-9.441884745052755434e-01
-8.835249011419734622e-01
-8.190585130385299450e-01
-7.508581971521697263e-01
-6.839826617134949771e-01
-6.114841926436849207e-01
-5.377339768916078455e-01
-4.625771261033957416e-01
-3.852835059625978609e-01
-3.096088602384750033e-01
-2.182348319967193362e-01
-1.341583558853329805e-01
-4.582310358512975412e-02
3.643060249301122155e-02
1.249290284153725672e-01
2.081958316344931781e-01
3.021240578535917543e-01
3.988155138638096453e-01
4.985094368496829631e-01
5.984860710917181414e-01
7.014223035165860765e-01
8.068513522553231176e-01
9.102973700762793108e-01
1.012708028988166697e+00
1.117166893700273000e+00
1.222108770515528908e+00
1.314820737991479804e+00
1.430284839636933869e+00
1.543050870281475362e+00
1.645425736140281092e+00
1.743526725730091931e+00
1.834764214524137627e+00
1.914992624323945458e+00
1.993913731097790798e+00
2.059767023886208026e+00
2.124790109657367587e+00
2.160972909206912096e+00
2.203028087127364198e+00
2.254469117320420768e+00
2.290398675611411861e+00
2.322275683061771900e+00
2.352986147127708261e+00
2.373034887689357664e+00
2.389586012040645802e+00
2.400998241978350656e+00
2.388747853173634361e+00
2.443856701234574658e+00
2.459039047163408931e+00
2.523595425237167955e+00
2.561374383332144511e+00
2.613942296928216891e+00
2.621200460410887612e+00
2.664012003032352638e+00
2.728167281951023870e+00
2.810796550393130921e+00
2.900023225847935482e+00
2.992662339596369847e+00
3.094213891580933851e+00
3.196080172833414057e+00
3.382269103522948850e+00
3.525253543396201117e+00
3.564164331463665292e+00
3.750478633640761839e+00
3.923139714539527922e+00
4.157848339007929717e+00
4.325049655984764208e+00
4.510147206450896284e+00
4.730368944255136654e+00
4.918958660829236607e+00
5.140830273112892534e+00
5.349749013957216803e+00
5.506646275728130036e+00
5.737504081367529984e+00
5.983466348218808406e+00
6.218598405093415771e+00
6.500677544712393896e+00
6.731359918693810229e+00
6.970323611550705678e+00
7.243940514503027117e+00
7.512228983395231374e+00
7.810560831746263588e+00
8.097705485366020639e+00
8.388474420188117620e+00
8.598407653840396847e+00
8.840448972579123321e+00
9.060357048584993578e+00
9.280008801152675346e+00
9.502091441140400718e+00
9.718372232429613788e+00
9.929667989205830381e+00
1.014487320156998251e+01
1.036026520719870092e+01
1.057882825105370905e+01
1.078589225703853849e+01
1.101346653778484352e+01
1.120665010589424782e+01
1.140073433862943020e+01
1.159937665266283169e+01
1.180720329874552199e+01
1.200649828161507315e+01
1.222130746059986528e+01
1.239442128285861600e+01
1.260344930480477643e+01
1.279380093872232393e+01
1.298544758495594564e+01
1.317784535275818314e+01
1.337487457976135019e+01
1.356316120165724648e+01
1.374325188118771379e+01
1.390989222236504119e+01
