2.769191741943359375e+01 8.656787872314453125e+00 -9.698535203933715820e-01 2.234555631875991821e-01 2.048138082027435303e-01 -9.324566125869750977e-01 1.965800970792770386e-01
2.755114364624023438e+01 8.474099159240722656e+00 -9.719274640083312988e-01 2.215041369199752808e-01 2.064164876937866211e-01 -9.323014020919799805e-01 1.978434771299362183e-01
2.741542434692382812e+01 8.298449516296386719e+00 -9.761040806770324707e-01 2.197657078504562378e-01 2.067708522081375122e-01 -9.322163462638854980e-01 1.998036205768585205e-01
2.728472518920898438e+01 8.130340576171875000e+00 -9.859154820442199707e-01 2.179546356201171875e-01 2.073520720005035400e-01 -9.318844676017761230e-01 2.027121037244796753e-01
2.715891838073730469e+01 7.970673561096191406e+00 -1.006875634193420410e+00 2.160950899124145508e-01 2.081314027309417725e-01 -9.313207268714904785e-01 2.064603120088577271e-01
2.704731178283691406e+01 7.815013408660888672e+00 -1.045878291130065918e+00 2.142051458358764648e-01 2.090811431407928467e-01 -9.305403232574462891e-01 2.109408080577850342e-01
2.694944572448730469e+01 7.661763668060302734e+00 -1.089084506034851074e+00 2.122989594936370850e-01 2.101743519306182861e-01 -9.295588731765747070e-01 2.160468101501464844e-01
2.685724830627441406e+01 7.513630390167236328e+00 -1.125108003616333008e+00 2.103874683380126953e-01 2.113849669694900513e-01 -9.283935427665710449e-01 2.216729819774627686e-01
2.677046775817871094e+01 7.371258258819580078e+00 -1.155363798141479492e+00 2.084811180830001831e-01 2.126878648996353149e-01 -9.270627498626708984e-01 2.277148663997650146e-01
2.668945312500000000e+01 7.235044956207275391e+00 -1.182367563247680664e+00 2.065898776054382324e-01 2.140587866306304932e-01 -9.255867004394531250e-01 2.340697646141052246e-01
2.661407661437988281e+01 7.105278015136718750e+00 -1.207150220870971680e+00 2.047249227762222290e-01 2.154743224382400513e-01 -9.239874482154846191e-01 2.406357824802398682e-01
2.654387855529785156e+01 6.982285022735595703e+00 -1.230108022689819336e+00 2.028992027044296265e-01 2.169120013713836670e-01 -9.222892522811889648e-01 2.473127096891403198e-01
2.647984313964843750e+01 6.865491867065429688e+00 -1.251177310943603516e+00 2.011283636093139648e-01 2.183503061532974243e-01 -9.205183386802673340e-01 2.540012300014495850e-01
2.641294288635253906e+01 6.740814208984375000e+00 -1.273396015167236328e+00 1.994310021400451660e-01 2.197689563035964966e-01 -9.187026619911193848e-01 2.606037855148315430e-01
2.634395217895507812e+01 6.607793807983398438e+00 -1.296671748161315918e+00 1.978288739919662476e-01 2.211487740278244019e-01 -9.168723821640014648e-01 2.670243978500366211e-01
2.627459335327148438e+01 6.465611457824707031e+00 -1.321091890335083008e+00 1.963474303483963013e-01 2.224716693162918091e-01 -9.150592684745788574e-01 2.731676399707794189e-01
2.620467758178710938e+01 6.314454078674316406e+00 -1.346761465072631836e+00 1.950154751539230347e-01 2.237208187580108643e-01 -9.132964611053466797e-01 2.789398431777954102e-01
2.613602447509765625e+01 6.153547286987304688e+00 -1.373748779296875000e+00 1.938652694225311279e-01 2.248806059360504150e-01 -9.116180539131164551e-01 2.842487096786499023e-01
2.607338523864746094e+01 5.981240272521972656e+00 -1.402287602424621582e+00 1.929318904876708984e-01 2.259361445903778076e-01 -9.100590944290161133e-01 2.890024185180664062e-01
2.602247238159179688e+01 5.796457290649414062e+00 -1.432638525962829590e+00 1.922532469034194946e-01 2.268732637166976929e-01 -9.086549282073974609e-01 2.931098043918609619e-01
2.599137306213378906e+01 5.598539829254150391e+00 -1.464161992073059082e+00 1.926823109388351440e-01 2.251572608947753906e-01 -9.080633521080017090e-01 2.959705591201782227e-01
2.598581695556640625e+01 5.389940261840820312e+00 -1.497062325477600098e+00 1.933392584323883057e-01 2.234929502010345459e-01 -9.076091051101684570e-01 2.981887757778167725e-01
2.601027107238769531e+01 5.174208641052246094e+00 -1.530714631080627441e+00 1.941903084516525269e-01 2.218937426805496216e-01 -9.072810411453247070e-01 2.998237311840057373e-01
2.606103515625000000e+01 4.954295635223388672e+00 -1.565537095069885254e+00 1.952016949653625488e-01 2.203715145587921143e-01 -9.070676565170288086e-01 3.009332716464996338e-01
2.609587860107421875e+01 4.734625339508056641e+00 -1.640777587890625000e+00 1.963389664888381958e-01 2.189390361309051514e-01 -9.069557785987854004e-01 3.015754222869873047e-01
2.610498237609863281e+01 4.515370845794677734e+00 -1.750051259994506836e+00 1.975682526826858521e-01 2.176083624362945557e-01 -9.069318771362304688e-01 3.018077611923217773e-01
2.611219596862792969e+01 4.284639835357666016e+00 -1.854971885681152344e+00 1.988550126552581787e-01 2.163912355899810791e-01 -9.069817066192626953e-01 3.016882836818695068e-01
2.611673927307128906e+01 4.041135311126708984e+00 -1.951558232307434082e+00 2.001647353172302246e-01 2.152995169162750244e-01 -9.070910811424255371e-01 3.012737631797790527e-01
2.611947250366210938e+01 3.784760713577270508e+00 -2.037470579147338867e+00 2.014632523059844971e-01 2.143452465534210205e-01 -9.072456955909729004e-01 3.006225228309631348e-01
2.612252426147460938e+01 3.512396097183227539e+00 -2.095962524414062500e+00 2.027159333229064941e-01 2.135404795408248901e-01 -9.074313044548034668e-01 2.997915446758270264e-01
2.613586807250976562e+01 3.229798555374145508e+00 -2.145266771316528320e+00 2.038885354995727539e-01 2.128973603248596191e-01 -9.076340198516845703e-01 2.988386154174804688e-01
2.613123703002929688e+01 2.949002504348754883e+00 -2.203619241714477539e+00 2.049468606710433960e-01 2.124274224042892456e-01 -9.078402519226074219e-01 2.978212833404541016e-01
2.605698394775390625e+01 2.680482149124145508e+00 -2.241467952728271484e+00 2.058564126491546631e-01 2.121433615684509277e-01 -9.080360531806945801e-01 2.967974245548248291e-01
2.590182304382324219e+01 2.452078819274902344e+00 -2.244909048080444336e+00 2.062049061059951782e-01 2.119676321744918823e-01 -9.083252549171447754e-01 2.957945764064788818e-01
2.569626426696777344e+01 2.274249315261840820e+00 -2.220786094665527344e+00 2.063444107770919800e-01 2.120050489902496338e-01 -9.085752367973327637e-01 2.949013113975524902e-01
2.548212051391601562e+01 2.115566253662109375e+00 -2.190003633499145508e+00 2.063806056976318359e-01 2.122998088598251343e-01 -9.087301492691040039e-01 2.941862046718597412e-01
2.526794815063476562e+01 1.965418696403503418e+00 -2.157644510269165039e+00 2.062994539737701416e-01 2.128680944442749023e-01 -9.087699055671691895e-01 2.937088012695312500e-01
2.505672264099121094e+01 1.819446921348571777e+00 -2.125523567199707031e+00 2.060859501361846924e-01 2.137261927127838135e-01 -9.086750745773315430e-01 2.935289144515991211e-01
2.484915542602539062e+01 1.676597833633422852e+00 -2.093992233276367188e+00 2.057246863842010498e-01 2.148897647857666016e-01 -9.084250926971435547e-01 2.937064766883850098e-01
2.464562988281250000e+01 1.536257266998291016e+00 -2.063391685485839844e+00 2.051903754472732544e-01 2.163728773593902588e-01 -9.080016016960144043e-01 2.943004965782165527e-01
2.444607162475585938e+01 1.398504614830017090e+00 -2.033542394638061523e+00 2.036963850259780884e-01 2.179970592260360718e-01 -9.076316356658935547e-01 2.952789962291717529e-01
2.425091934204101562e+01 1.262642741203308105e+00 -2.004837036132812500e+00 2.018553763628005981e-01 2.198413759469985962e-01 -9.071566462516784668e-01 2.966326475143432617e-01
2.405965232849121094e+01 1.129511713981628418e+00 -1.976740717887878418e+00 1.997442841529846191e-01 2.218445539474487305e-01 -9.065949320793151855e-01 2.982833385467529297e-01
2.387271499633789062e+01 9.983447194099426270e-01 -1.949647784233093262e+00 1.974397897720336914e-01 2.239456474781036377e-01 -9.059658050537109375e-01 3.001530468463897705e-01
2.368992042541503906e+01 8.693945407867431641e-01 -1.923395395278930664e+00 1.950193643569946289e-01 2.260842770338058472e-01 -9.052900671958923340e-01 3.021640181541442871e-01
2.351094627380371094e+01 7.431518435478210449e-01 -1.897695302963256836e+00 1.925606578588485718e-01 2.281999289989471436e-01 -9.045901894569396973e-01 3.042396605014801025e-01
2.333591651916503906e+01 6.192821860313415527e-01 -1.872605562210083008e+00 1.902505308389663696e-01 2.299112230539321899e-01 -9.039720296859741211e-01 3.062351644039154053e-01
2.316489410400390625e+01 4.973962306976318359e-01 -1.847947955131530762e+00 1.885739862918853760e-01 2.299726903438568115e-01 -9.037659764289855957e-01 3.078298866748809814e-01
2.299765014648437500e+01 3.782031238079071045e-01 -1.823834180831909180e+00 1.870346367359161377e-01 2.300276607275009155e-01 -9.035670161247253418e-01 3.093084394931793213e-01
2.283418083190917969e+01 2.616918981075286865e-01 -1.800261139869689941e+00 1.856900602579116821e-01 2.300728261470794678e-01 -9.033882021903991699e-01 3.106047213077545166e-01
2.267456245422363281e+01 1.477038562297821045e-01 -1.777310132980346680e+00 1.845972239971160889e-01 2.301052212715148926e-01 -9.032429456710815430e-01 3.116526901721954346e-01
2.251888084411621094e+01 3.607971221208572388e-02 -1.755059719085693359e+00 1.838128864765167236e-01 2.301222383975982666e-01 -9.031451940536499023e-01 3.123866617679595947e-01
2.236693763732910156e+01 -7.288574427366256714e-02 -1.733340382575988770e+00 1.833944171667098999e-01 2.301208078861236572e-01 -9.031081795692443848e-01 3.127399981021881104e-01
2.221871566772460938e+01 -1.792016625404357910e-01 -1.712150812149047852e+00 1.833994239568710327e-01 2.300980091094970703e-01 -9.031449556350708008e-01 3.126479387283325195e-01
2.207420349121093750e+01 -2.828796207904815674e-01 -1.691487431526184082e+00 1.838869154453277588e-01 2.300498783588409424e-01 -9.032663106918334961e-01 3.120453655719757080e-01
2.193344879150390625e+01 -3.840197622776031494e-01 -1.671400666236877441e+00 1.849176883697509766e-01 2.299715876579284668e-01 -9.034817218780517578e-01 3.108685314655303955e-01
2.179649925231933594e+01 -4.827203154563903809e-01 -1.651934146881103516e+00 1.865548342466354370e-01 2.298563718795776367e-01 -9.037969708442687988e-01 3.090540170669555664e-01
2.166322708129882812e+01 -5.788024663925170898e-01 -1.632984638214111328e+00 1.888646185398101807e-01 2.296955585479736328e-01 -9.042139649391174316e-01 3.065406084060668945e-01
2.153345489501953125e+01 -6.726818680763244629e-01 -1.613918423652648926e+00 1.928467154502868652e-01 2.267002463340759277e-01 -9.054296612739562988e-01 3.026784658432006836e-01
2.140723037719726562e+01 -7.641534209251403809e-01 -1.595054864883422852e+00 1.980702728033065796e-01 2.222513407468795776e-01 -9.070626497268676758e-01 2.976737320423126221e-01
2.128457069396972656e+01 -8.531304597854614258e-01 -1.576520919799804688e+00 2.043581604957580566e-01 2.168899327516555786e-01 -9.089395999908447266e-01 2.915910482406616211e-01
2.116528701782226562e+01 -9.396801590919494629e-01 -1.558466792106628418e+00 2.086770832538604736e-01 2.100559175014495850e-01 -9.118789434432983398e-01 2.842659056186676025e-01
2.104957962036132812e+01 -1.023845195770263672e+00 -1.540947198867797852e+00 2.121505141258239746e-01 2.021954804658889771e-01 -9.153994917869567871e-01 2.759585380554199219e-01
2.093744087219238281e+01 -1.105373501777648926e+00 -1.523856163024902344e+00 2.157631516456604004e-01 1.937011927366256714e-01 -9.190712571144104004e-01 2.668971121311187744e-01
2.082889366149902344e+01 -1.184216856956481934e+00 -1.507222890853881836e+00 2.194259166717529297e-01 1.847192943096160889e-01 -9.228067398071289062e-01 2.572135031223297119e-01
2.071691894531250000e+01 -1.265417456626892090e+00 -1.490078687667846680e+00 2.230592668056488037e-01 1.753955781459808350e-01 -9.265273213386535645e-01 2.470385432243347168e-01
2.060153770446777344e+01 -1.348936796188354492e+00 -1.472451806068420410e+00 2.265944331884384155e-01 1.658742725849151611e-01 -9.301649928092956543e-01 2.365030944347381592e-01
2.048279190063476562e+01 -1.434739947319030762e+00 -1.454368233680725098e+00 2.299734354019165039e-01 1.562985777854919434e-01 -9.336626529693603516e-01 2.257365733385086060e-01
2.036071395874023438e+01 -1.522797226905822754e+00 -1.435855031013488770e+00 2.331500649452209473e-01 1.468089222908020020e-01 -9.369738101959228516e-01 2.148677259683609009e-01
2.023537635803222656e+01 -1.613139033317565918e+00 -1.416966557502746582e+00 2.360883802175521851e-01 1.375424414873123169e-01 -9.400629401206970215e-01 2.040246874094009399e-01
2.010682487487792969e+01 -1.705761075019836426e+00 -1.397734284400939941e+00 2.387631982564926147e-01 1.286331564188003540e-01 -9.429035186767578125e-01 1.933351159095764160e-01
1.997506713867187500e+01 -1.800588965415954590e+00 -1.378147602081298828e+00 2.411582916975021362e-01 1.202114820480346680e-01 -9.454782605171203613e-01 1.829277724027633667e-01
1.984014129638671875e+01 -1.897614121437072754e+00 -1.358227491378784180e+00 2.432660460472106934e-01 1.124027371406555176e-01 -9.477773904800415039e-01 1.729310452938079834e-01
1.970208930969238281e+01 -1.996833443641662598e+00 -1.337995529174804688e+00 2.450853884220123291e-01 1.053284108638763428e-01 -9.497973322868347168e-01 1.634752452373504639e-01
1.956096076965332031e+01 -2.098246335983276367e+00 -1.317470073699951172e+00 2.466202676296234131e-01 9.910677373409271240e-02 -9.515387415885925293e-01 1.546943783760070801e-01
1.941679573059082031e+01 -2.201854228973388672e+00 -1.296670556068420410e+00 2.478784471750259399e-01 9.385241568088531494e-02 -9.530057311058044434e-01 1.467238664627075195e-01
1.926968574523925781e+01 -2.307723283767700195e+00 -1.275650024414062500e+00 2.488687336444854736e-01 8.967868983745574951e-02 -9.542037248611450195e-01 1.397048234939575195e-01
1.911964797973632812e+01 -2.415813446044921875e+00 -1.254402995109558105e+00 2.495990097522735596e-01 8.669920265674591064e-02 -9.551364183425903320e-01 1.337833851575851440e-01
1.896754264831542969e+01 -2.525504112243652344e+00 -1.233052372932434082e+00 2.500733435153961182e-01 8.503098785877227783e-02 -9.558048248291015625e-01 1.291125118732452393e-01
1.881342697143554688e+01 -2.636791229248046875e+00 -1.211618661880493164e+00 2.502896785736083984e-01 8.479790389537811279e-02 -9.562035799026489258e-01 1.258537173271179199e-01
1.865692520141601562e+01 -2.749764442443847656e+00 -1.190343618392944336e+00 2.347952425479888916e-01 8.456842601299285889e-02 -9.604295492172241211e-01 1.236701980233192444e-01
1.849831199645996094e+01 -2.864363908767700195e+00 -1.169018507003784180e+00 2.165461331605911255e-01 8.554794639348983765e-02 -9.647404551506042480e-01 1.227402165532112122e-01
1.833270263671875000e+01 -2.973898172378540039e+00 -1.149367094039916992e+00 1.958045661449432373e-01 8.756856620311737061e-02 -9.689634442329406738e-01 1.228904947638511658e-01
1.816310501098632812e+01 -3.082661151885986328e+00 -1.130248427391052246e+00 1.728380918502807617e-01 9.046158939599990845e-02 -9.729238748550415039e-01 1.239465773105621338e-01
1.799109649658203125e+01 -3.192962646484375000e+00 -1.111037015914916992e+00 1.479223370552062988e-01 9.405754506587982178e-02 -9.764543175697326660e-01 1.257340461015701294e-01
1.781661796569824219e+01 -3.304815053939819336e+00 -1.091700434684753418e+00 1.213423758745193481e-01 9.818745404481887817e-02 -9.794032573699951172e-01 1.280795782804489136e-01
1.763961029052734375e+01 -3.418233633041381836e+00 -1.072203397750854492e+00 9.339396655559539795e-02 1.026831269264221191e-01 -9.816424250602722168e-01 1.308122277259826660e-01
1.744751548767089844e+01 -3.510802030563354492e+00 -1.058148145675659180e+00 6.438216567039489746e-02 1.073788926005363464e-01 -9.830725193023681641e-01 1.337643563747406006e-01
1.724821281433105469e+01 -3.596750974655151367e+00 -1.045913100242614746e+00 3.462111204862594604e-02 1.121124848723411560e-01 -9.836286306381225586e-01 1.367734372615814209e-01
1.704601287841796875e+01 -3.683895111083984375e+00 -1.033483266830444336e+00 4.431286826729774475e-03 1.167258098721504211e-01 -9.832824468612670898e-01 1.396822184324264526e-01
1.683999061584472656e+01 -3.769872903823852539e+00 -1.021374464035034180e+00 -2.586292475461959839e-02 1.210665553808212280e-01 -9.820454716682434082e-01 1.423400193452835083e-01
1.662220001220703125e+01 -3.833630800247192383e+00 -1.014567255973815918e+00 -5.593615025281906128e-02 1.249882206320762634e-01 -9.799688458442687988e-01 1.446037739515304565e-01
1.640132904052734375e+01 -3.898307323455810547e+00 -1.007479190826416016e+00 -8.546492457389831543e-02 1.283514052629470825e-01 -9.771420359611511230e-01 1.463384330272674561e-01
1.617734909057617188e+01 -3.963800668716430664e+00 -1.000047564506530762e+00 -1.141308844089508057e-01 1.310236454010009766e-01 -9.736915230751037598e-01 1.474170088768005371e-01
1.594995975494384766e+01 -4.029075622558593750e+00 -9.921361804008483887e-01 -1.416229605674743652e-01 1.328792273998260498e-01 -9.697758555412292480e-01 1.477190554141998291e-01
1.571951389312744141e+01 -4.095313549041748047e+00 -9.837799072265625000e-01 -1.676393300294876099e-01 1.337985098361968994e-01 -9.655812382698059082e-01 1.471320837736129761e-01
1.548586177825927734e+01 -4.161935329437255859e+00 -9.748840332031250000e-01 -1.918887495994567871e-01 1.336679011583328247e-01 -9.613154530525207520e-01 1.455480903387069702e-01
1.524875354766845703e+01 -4.227975845336914062e+00 -9.653301835060119629e-01 -2.140908986330032349e-01 1.323761641979217529e-01 -9.571999311447143555e-01 1.428632587194442749e-01
1.500868225097656250e+01 -4.295007228851318359e+00 -9.551055431365966797e-01 -2.339237481355667114e-01 1.294571459293365479e-01 -9.535104632377624512e-01 1.390621960163116455e-01
1.476495361328125000e+01 -4.360829830169677734e+00 -9.442517161369323730e-01 -2.512826323509216309e-01 1.258730292320251465e-01 -9.503243565559387207e-01 1.337774693965911865e-01
1.451797771453857422e+01 -4.426485061645507812e+00 -9.325726032257080078e-01 -2.658208906650543213e-01 1.204777657985687256e-01 -9.479686617851257324e-01 1.271992921829223633e-01
1.426772308349609375e+01 -4.491836071014404297e+00 -9.201678037643432617e-01 -2.776564061641693115e-01 1.137100756168365479e-01 -9.464377760887145996e-01 1.193000599741935730e-01
1.401358509063720703e+01 -4.554427623748779297e+00 -9.069005846977233887e-01 -2.869131565093994141e-01 1.056863740086555481e-01 -9.457131028175354004e-01 1.101717650890350342e-01
1.375634288787841797e+01 -4.617288589477539062e+00 -8.930358886718750000e-01 -2.937086820602416992e-01 9.651974588632583618e-02 -9.457477331161499023e-01 9.990140795707702637e-02
1.349462127685546875e+01 -4.674346923828125000e+00 -8.781853914260864258e-01 -2.981551587581634521e-01 8.632078021764755249e-02 -9.464707374572753906e-01 8.857426047325134277e-02
1.322961139678955078e+01 -4.730673313140869141e+00 -8.627581596374511719e-01 -3.003599643707275391e-01 7.519853115081787109e-02 -9.477928280830383301e-01 7.627305388450622559e-02
1.295980930328369141e+01 -4.778477191925048828e+00 -8.462640047073364258e-01 -3.004276156425476074e-01 6.326121836900711060e-02 -9.496115446090698242e-01 6.308036297559738159e-02
1.268591976165771484e+01 -4.819662570953369141e+00 -8.289049863815307617e-01 -2.984611093997955322e-01 5.061718076467514038e-02 -9.518141150474548340e-01 4.907922074198722839e-02
1.240761661529541016e+01 -4.851851463317871094e+00 -8.105712532997131348e-01 -2.945628464221954346e-01 3.737508505582809448e-02 -9.542828202247619629e-01 3.435269370675086975e-02
1.212475776672363281e+01 -4.866160392761230469e+00 -7.905175685882568359e-01 -2.888368368148803711e-01 2.364520728588104248e-02 -9.568978548049926758e-01 1.898581907153129578e-02
1.183859825134277344e+01 -4.863666057586669922e+00 -7.686114311218261719e-01 -2.813885211944580078e-01 9.538887999951839447e-03 -9.595414996147155762e-01 3.065421478822827339e-03
1.155047130584716797e+01 -4.839261531829833984e+00 -7.440008521080017090e-01 2.723274230957031250e-01 4.831090103834867477e-03 9.621002078056335449e-01 1.332005579024553299e-02
1.126408195495605469e+01 -4.782978534698486328e+00 -7.140191197395324707e-01 2.617666423320770264e-01 1.935009285807609558e-02 9.644683003425598145e-01 3.007975965738296509e-02
1.098250961303710938e+01 -4.698199272155761719e+00 -6.741881966590881348e-01 2.498232722282409668e-01 3.390241041779518127e-02 9.665496945381164551e-01 4.712166637182235718e-02
1.070130348205566406e+01 -4.618336677551269531e+00 -6.070526242256164551e-01 2.366195917129516602e-01 4.837158694863319397e-02 9.682614207267761230e-01 6.435125321149826050e-02
1.041620063781738281e+01 -4.585614681243896484e+00 -5.078393220901489258e-01 2.222827970981597900e-01 6.264045834541320801e-02 9.695338010787963867e-01 8.167336881160736084e-02
1.013097095489501953e+01 -4.527660369873046875e+00 -4.596166908740997314e-01 2.069438993930816650e-01 7.659193873405456543e-02 9.703134298324584961e-01 9.899252653121948242e-02
9.856533050537109375e+00 -4.449487686157226562e+00 -4.260021746158599854e-01 1.907383799552917480e-01 9.010968357324600220e-02 9.705635905265808105e-01 1.162127926945686340e-01
9.591990470886230469e+00 -4.366088867187500000e+00 -3.929424881935119629e-01 1.738052666187286377e-01 1.030784100294113159e-01 9.702648520469665527e-01 1.332392096519470215e-01
9.336517333984375000e+00 -4.281296253204345703e+00 -3.590368628501892090e-01 1.562858670949935913e-01 1.153847351670265198e-01 9.694160223007202148e-01 1.499780863523483276e-01
9.089618682861328125e+00 -4.196795940399169922e+00 -3.246276676654815674e-01 1.383134424686431885e-01 1.269398480653762817e-01 9.680305719375610352e-01 1.663499921560287476e-01
8.851305961608886719e+00 -4.112690925598144531e+00 -2.898815870285034180e-01 1.199824213981628418e-01 1.377459764480590820e-01 9.661194682121276855e-01 1.823275834321975708e-01
8.621544837951660156e+00 -4.029166698455810547e+00 -2.549670338630676270e-01 1.013774350285530090e-01 1.478293836116790771e-01 9.636939167976379395e-01 1.978970766067504883e-01
8.400732040405273438e+00 -3.945553541183471680e+00 -2.193579077720642090e-01 8.258290588855743408e-02 1.572177559137344360e-01 9.607675075531005859e-01 2.130457758903503418e-01
8.188599586486816406e+00 -3.862504243850708008e+00 -1.840417385101318359e-01 6.306533515453338623e-02 1.633440703153610229e-01 9.578032493591308594e-01 2.279348522424697876e-01
7.984870433807373047e+00 -3.780812263488769531e+00 -1.492266803979873657e-01 4.327451437711715698e-02 1.681703925132751465e-01 9.545323848724365234e-01 2.423093765974044800e-01
7.789609909057617188e+00 -3.700459003448486328e+00 -1.145687848329544067e-01 2.369453571736812592e-02 1.733247041702270508e-01 9.506942629814147949e-01 2.560808062553405762e-01
7.602530479431152344e+00 -3.622007369995117188e+00 -8.049774169921875000e-02 4.427738487720489502e-03 1.787527501583099365e-01 9.463112950325012207e-01 2.693001329898834229e-01
7.423218250274658203e+00 -3.546191930770874023e+00 -4.757903888821601868e-02 -1.443053036928176880e-02 1.844060719013214111e-01 9.414107799530029297e-01 2.820137441158294678e-01
7.251749038696289062e+00 -3.472882509231567383e+00 -1.570220850408077240e-02 -3.279100358486175537e-02 1.902409046888351440e-01 9.360248446464538574e-01 2.942628264427185059e-01
7.094888210296630859e+00 -3.393210887908935547e+00 2.215820178389549255e-02 -5.057100206613540649e-02 1.962178349494934082e-01 9.301900863647460938e-01 3.060842156410217285e-01
6.957157611846923828e+00 -3.301162004470825195e+00 7.077056914567947388e-02 -6.769348680973052979e-02 2.023001760244369507e-01 9.239481687545776367e-01 3.175088465213775635e-01
6.826037406921386719e+00 -3.213395833969116211e+00 1.169732660055160522e-01 -8.408780395984649658e-02 2.084538191556930542e-01 9.173451066017150879e-01 3.285635709762573242e-01
6.702035903930664062e+00 -3.129203319549560547e+00 1.608370989561080933e-01 -9.968933463096618652e-02 2.146458923816680908e-01 9.104313850402832031e-01 3.392694890499114990e-01
6.585344314575195312e+00 -3.048319578170776367e+00 2.023947089910507202e-01 -1.144399642944335938e-01 2.208439856767654419e-01 9.032614827156066895e-01 3.496428132057189941e-01
6.475737094879150391e+00 -2.971085786819458008e+00 2.416244447231292725e-01 -1.282881945371627808e-01 2.270154953002929688e-01 8.958941102027893066e-01 3.596940338611602783e-01
6.373051643371582031e+00 -2.898112773895263672e+00 2.780084311962127686e-01 -1.420566439628601074e-01 2.310401499271392822e-01 8.889368772506713867e-01 3.690958917140960693e-01
6.277926921844482422e+00 -2.828361749649047852e+00 3.119735717773437500e-01 -1.551818996667861938e-01 2.343086302280426025e-01 8.821189403533935547e-01 3.780000805854797363e-01
6.189273357391357422e+00 -2.762912034988403320e+00 3.430087268352508545e-01 -1.673725545406341553e-01 2.374322116374969482e-01 8.753455877304077148e-01 3.865003585815429688e-01
6.107083797454833984e+00 -2.701798677444458008e+00 3.712042272090911865e-01 -1.785675138235092163e-01 2.404518127441406250e-01 8.686659336090087891e-01 3.946088254451751709e-01
6.031077861785888672e+00 -2.646293163299560547e+00 3.959823548793792725e-01 -1.776426881551742554e-01 2.393890619277954102e-01 8.658423423767089844e-01 4.018121361732482910e-01
5.961162090301513672e+00 -2.595514535903930664e+00 4.180175662040710449e-01 -1.767416447401046753e-01 2.384176999330520630e-01 8.630086183547973633e-01 4.088221788406372070e-01
5.895954608917236328e+00 -2.550643920898437500e+00 4.352065920829772949e-01 -1.758710443973541260e-01 2.375469207763671875e-01 8.602037429809570312e-01 4.155603647232055664e-01
5.837002277374267578e+00 -2.510541915893554688e+00 4.500320255756378174e-01 -1.750351488590240479e-01 2.367890775203704834e-01 8.574690222740173340e-01 4.219483733177185059e-01
5.782986164093017578e+00 -2.476700305938720703e+00 4.603063762187957764e-01 -1.742369234561920166e-01 2.361584752798080444e-01 8.548489809036254883e-01 4.279065132141113281e-01
5.735119342803955078e+00 -2.447906970977783203e+00 4.680136144161224365e-01 -1.734783351421356201e-01 2.356698513031005859e-01 8.523894548416137695e-01 4.333557486534118652e-01
5.691741943359375000e+00 -2.421987295150756836e+00 4.747860729694366455e-01 -1.727614998817443848e-01 2.353369593620300293e-01 8.501383662223815918e-01 4.382176995277404785e-01
5.651643753051757812e+00 -2.400538921356201172e+00 4.779446423053741455e-01 -1.720891743898391724e-01 2.351710200309753418e-01 8.481431007385253906e-01 4.424172937870025635e-01
5.616322994232177734e+00 -2.381651639938354492e+00 4.807812273502349854e-01 -1.714663207530975342e-01 2.351787537336349487e-01 8.464508056640625000e-01 4.458825588226318359e-01
5.585786819458007812e+00 -2.365343570709228516e+00 4.833004772663116455e-01 -1.709012091159820557e-01 2.353610992431640625e-01 8.451058864593505859e-01 4.485463798046112061e-01
5.559701919555664062e+00 -2.352213621139526367e+00 4.843957424163818359e-01 -1.704059392213821411e-01 2.357109636068344116e-01 8.441501259803771973e-01 4.503472447395324707e-01
5.538258075714111328e+00 -2.341967105865478516e+00 4.846609532833099365e-01 -1.699981242418289185e-01 2.362124025821685791e-01 8.436208963394165039e-01 4.512296617031097412e-01
5.521728515625000000e+00 -2.334160089492797852e+00 4.849670231342315674e-01 -1.697010844945907593e-01 2.368387281894683838e-01 8.435503840446472168e-01 4.511448144912719727e-01
5.510118484497070312e+00 -2.328805446624755859e+00 4.853066802024841309e-01 -1.695443838834762573e-01 2.375518530607223511e-01 8.439658284187316895e-01 4.500503242015838623e-01
5.503433704376220703e+00 -2.325917243957519531e+00 4.856680333614349365e-01 -1.695636808872222900e-01 2.383011281490325928e-01 8.448887467384338379e-01 4.479103386402130127e-01
5.501680374145507812e+00 -2.325506448745727539e+00 4.860360622406005859e-01 -1.698005497455596924e-01 2.390227019786834717e-01 8.463356494903564453e-01 4.446929991245269775e-01
5.495923995971679688e+00 -2.323392391204833984e+00 4.864681959152221680e-01 -1.703013330698013306e-01 2.396394908428192139e-01 8.483181595802307129e-01 4.403709471225738525e-01
5.486171722412109375e+00 -2.319584369659423828e+00 4.869427382946014404e-01 -1.711164861917495728e-01 2.400603294372558594e-01 8.508448004722595215e-01 4.349174201488494873e-01
5.472434997558593750e+00 -2.314092397689819336e+00 4.874352812767028809e-01 -1.722990572452545166e-01 2.401800155639648438e-01 8.539215922355651855e-01 4.283041357994079590e-01
5.454624652862548828e+00 -2.307197332382202148e+00 4.872659146785736084e-01 -1.739033311605453491e-01 2.398789823055267334e-01 8.575528860092163086e-01 4.204981327056884766e-01
5.433461666107177734e+00 -2.299816846847534180e+00 4.867156744003295898e-01 -1.614244878292083740e-01 2.335182130336761475e-01 8.663983345031738281e-01 4.108102619647979736e-01
5.408432006835937500e+00 -2.290925264358520508e+00 4.858343303203582764e-01 -1.477607637643814087e-01 2.262526750564575195e-01 8.759127855300903320e-01 3.996915817260742188e-01
5.379527091979980469e+00 -2.280462503433227539e+00 4.845727384090423584e-01 -1.330258548259735107e-01 2.181355357170104980e-01 8.858696818351745605e-01 3.872414827346801758e-01
5.346725940704345703e+00 -2.268594980239868164e+00 4.818933010101318359e-01 -1.173383072018623352e-01 2.092244178056716919e-01 8.960498571395874023e-01 3.735658526420593262e-01
5.310008049011230469e+00 -2.255338191986083984e+00 4.774023294448852539e-01 -1.008224114775657654e-01 1.995820552110671997e-01 9.062444567680358887e-01 3.587797582149505615e-01
5.269353389739990234e+00 -2.240379571914672852e+00 4.721612334251403809e-01 -8.360743522644042969e-02 1.892772465944290161e-01 9.162584543228149414e-01 3.430078923702239990e-01
5.225094318389892578e+00 -2.223432064056396484e+00 4.642556607723236084e-01 -6.582815945148468018e-02 1.783850789070129395e-01 9.259145855903625488e-01 3.263857960700988770e-01
5.176914691925048828e+00 -2.204606771469116211e+00 4.550976455211639404e-01 -4.762389138340950012e-02 1.669867932796478271e-01 9.350560307502746582e-01 3.090594112873077393e-01
5.125485897064208984e+00 -2.182693958282470703e+00 4.436132609844207764e-01 -2.913797646760940552e-02 1.551700532436370850e-01 9.435488581657409668e-01 2.911851108074188232e-01
5.070310592651367188e+00 -2.158306121826171875e+00 4.306857287883758545e-01 -1.051650568842887878e-02 1.430280804634094238e-01 9.512842297554016113e-01 2.729296386241912842e-01
5.021610260009765625e+00 -2.133743286132812500e+00 4.178805351257324219e-01 8.092617616057395935e-03 1.306591928005218506e-01 9.581798911094665527e-01 2.544676661491394043e-01
4.978099822998046875e+00 -2.111227273941040039e+00 4.058963060379028320e-01 2.654080092906951904e-02 1.181661933660507202e-01 9.641808867454528809e-01 2.359819114208221436e-01
4.940878391265869141e+00 -2.088588714599609375e+00 3.950006067752838135e-01 4.468058794736862183e-02 1.056549772620201111e-01 9.692595601081848145e-01 2.176614999771118164e-01
4.908371925354003906e+00 -2.068605184555053711e+00 3.849182128906250000e-01 6.236613169312477112e-02 9.323408454656600952e-02 9.734154939651489258e-01 1.996998339891433716e-01
4.881227016448974609e+00 -2.050143480300903320e+00 3.758236467838287354e-01 7.945474237203598022e-02 8.101333677768707275e-02 9.766743779182434082e-01 1.822937726974487305e-01
4.859044551849365234e+00 -2.033750057220458984e+00 3.677041530609130859e-01 9.580789506435394287e-02 6.910307705402374268e-02 9.790855050086975098e-01 1.656413525342941284e-01
4.841222763061523438e+00 -2.020306348800659180e+00 3.605130016803741455e-01 1.112911850214004517e-01 5.761323124170303345e-02 9.807204604148864746e-01 1.499414294958114624e-01
4.827714443206787109e+00 -2.009825468063354492e+00 3.543075621128082275e-01 1.257753074169158936e-01 4.665254801511764526e-02 9.816684722900390625e-01 1.353922039270401001e-01
4.818476200103759766e+00 -2.002327203750610352e+00 3.491485416889190674e-01 1.391362547874450684e-01 3.632783889770507812e-02 9.820340871810913086e-01 1.221900209784507751e-01
4.813748836517333984e+00 -1.997447490692138672e+00 3.451422154903411865e-01 1.512538790702819824e-01 2.674382925033569336e-02 9.819318652153015137e-01 1.105290800333023071e-01
4.813080310821533203e+00 -1.995816588401794434e+00 3.422671556472778320e-01 1.620482504367828369e-01 1.797798834741115570e-02 9.814829826354980469e-01 1.005399301648139954e-01
4.810179233551025391e+00 -1.992565870285034180e+00 3.391751050949096680e-01 1.715808659791946411e-01 1.000761985778808594e-02 9.808042645454406738e-01 9.210275113582611084e-02
4.805098533630371094e+00 -1.987732529640197754e+00 3.358685374259948730e-01 1.799474656581878662e-01 2.783497795462608337e-03 9.799903035163879395e-01 8.503141999244689941e-02
4.797892093658447266e+00 -1.981346964836120605e+00 3.323431313037872314e-01 1.872407495975494385e-01 -3.745078109204769135e-03 9.791138768196105957e-01 7.913722842931747437e-02
4.788612842559814453e+00 -1.973432540893554688e+00 3.285888731479644775e-01 1.935521513223648071e-01 -9.629625827074050903e-03 9.782305955886840820e-01 7.422808557748794556e-02
4.777311801910400391e+00 -1.964008688926696777e+00 3.245931863784790039e-01 1.989699453115463257e-01 -1.492247730493545532e-02 9.773803949356079102e-01 7.011159509420394897e-02
4.764039993286132812e+00 -1.953091382980346680e+00 3.203399479389190674e-01 2.035813182592391968e-01 -1.967578195035457611e-02 9.765924811363220215e-01 6.659249961376190186e-02
4.748846054077148438e+00 -1.940693259239196777e+00 3.158111572265625000e-01 2.074712514877319336e-01 -2.394227683544158936e-02 9.758858084678649902e-01 6.347630172967910767e-02
4.732026576995849609e+00 -1.926519155502319336e+00 3.110244572162628174e-01 2.107241898775100708e-01 -2.777453139424324036e-02 9.752719998359680176e-01 6.056675687432289124e-02
4.714041233062744141e+00 -1.910071969032287598e+00 3.060217201709747314e-01 2.134225070476531982e-01 -3.122549876570701599e-02 9.747564196586608887e-01 5.766773596405982971e-02
4.694362163543701172e+00 -1.892062902450561523e+00 3.006945848464965820e-01 2.156479656696319580e-01 -3.434773534536361694e-02 9.743392467498779297e-01 5.458296835422515869e-02
4.673036575317382812e+00 -1.872496962547302246e+00 2.950210571289062500e-01 2.174813449382781982e-01 -3.719348832964897156e-02 9.740152359008789062e-01 5.111501365900039673e-02
4.650110244750976562e+00 -1.851376295089721680e+00 2.889788746833801270e-01 2.190023660659790039e-01 -3.981519490480422974e-02 9.737749695777893066e-01 4.706711694598197937e-02
4.626898765563964844e+00 -1.827312588691711426e+00 2.827191054821014404e-01 2.202894687652587891e-01 -4.226584732532501221e-02 9.736024737358093262e-01 4.224191233515739441e-02
4.602288246154785156e+00 -1.801571607589721680e+00 2.760604918003082275e-01 2.214204370975494385e-01 -4.459698498249053955e-02 9.734762310981750488e-01 3.644157201051712036e-02
4.576300144195556641e+00 -1.774170517921447754e+00 2.689773440361022949e-01 2.224711328744888306e-01 -4.686105996370315552e-02 9.733664393424987793e-01 2.946871891617774963e-02
4.550050735473632812e+00 -1.744053959846496582e+00 2.615783512592315674e-01 2.235152423381805420e-01 -4.911062121391296387e-02 9.732330441474914551e-01 2.112600207328796387e-02
4.523134231567382812e+00 -1.711641788482666016e+00 2.537835538387298584e-01 -2.246247380971908569e-01 5.139671266078948975e-02 -9.730243086814880371e-01 -1.121555082499980927e-02
4.495064735412597656e+00 -1.677427887916564941e+00 2.455041408538818359e-01 -2.258679270744323730e-01 5.377129092812538147e-02 -9.726725816726684570e-01 4.591755568981170654e-04
4.467486858367919922e+00 -1.639972448348999023e+00 2.368929982185363770e-01 -2.273100912570953369e-01 5.628534406423568726e-02 -9.720922708511352539e-01 1.409359369426965714e-02
4.439219474792480469e+00 -1.600286245346069336e+00 2.277996838092803955e-01 -2.289868295192718506e-01 5.897356569766998291e-02 -9.711843729019165039e-01 2.980145625770092010e-02
4.410586357116699219e+00 -1.558054804801940918e+00 2.182739228010177612e-01 -2.308354675769805908e-01 6.180622056126594543e-02 -9.698713421821594238e-01 4.737678170204162598e-02
4.382367610931396484e+00 -1.512567758560180664e+00 2.084286510944366455e-01 -2.327691912651062012e-01 6.473813951015472412e-02 -9.680913686752319336e-01 6.653187423944473267e-02
4.353072643280029297e+00 -1.464909076690673828e+00 1.981490999460220337e-01 -2.347051203250885010e-01 6.772385537624359131e-02 -9.657960534095764160e-01 8.697610348463058472e-02
4.325013160705566406e+00 -1.413367867469787598e+00 1.876809597015380859e-01 -2.365631163120269775e-01 7.071931660175323486e-02 -9.629550576210021973e-01 1.084168851375579834e-01
4.295787334442138672e+00 -1.359575748443603516e+00 1.768459975719451904e-01 -2.382692694664001465e-01 7.368136942386627197e-02 -9.595585465431213379e-01 1.305607110261917114e-01
4.267270565032958984e+00 -1.302253961563110352e+00 1.660412549972534180e-01 -2.397546917200088501e-01 7.656889408826828003e-02 -9.556206464767456055e-01 1.531143486499786377e-01
4.237807273864746094e+00 -1.242451786994934082e+00 1.550045758485794067e-01 -2.409568130970001221e-01 7.934148609638214111e-02 -9.511801004409790039e-01 1.757868826389312744e-01
4.208667278289794922e+00 -1.179373145103454590e+00 1.442318707704544067e-01 -2.418198585510253906e-01 8.196145296096801758e-02 -9.463012218475341797e-01 1.982912123203277588e-01
4.178531169891357422e+00 -1.113837838172912598e+00 1.333578526973724365e-01 -2.422950118780136108e-01 8.439357578754425049e-02 -9.410733580589294434e-01 2.203443199396133423e-01
4.148424148559570312e+00 -1.045241713523864746e+00 1.230364963412284851e-01 -2.423397600650787354e-01 8.660449087619781494e-02 -9.356103539466857910e-01 2.416701763868331909e-01
4.117126464843750000e+00 -9.743548631668090820e-01 1.126962229609489441e-01 -2.419180870056152344e-01 8.856347948312759399e-02 -9.300475716590881348e-01 2.619990706443786621e-01
4.085535049438476562e+00 -9.006646275520324707e-01 1.032531708478927612e-01 -2.409996986389160156e-01 9.024138748645782471e-02 -9.245404601097106934e-01 2.810706496238708496e-01
4.052642822265625000e+00 -8.248382210731506348e-01 9.397582709789276123e-02 -2.395586818456649780e-01 9.161166101694107056e-02 -9.192597270011901855e-01 2.986312210559844971e-01
4.018991470336914062e+00 -7.466644048690795898e-01 8.590270578861236572e-02 -2.372215837240219116e-01 9.162871539592742920e-02 -9.144912362098693848e-01 3.146995604038238525e-01
3.984094858169555664e+00 -6.665063500404357910e-01 7.861785590648651123e-02 -2.339010089635848999e-01 9.022849053144454956e-02 -9.104298353195190430e-01 3.290390372276306152e-01
3.947682619094848633e+00 -5.843859910964965820e-01 7.198181003332138062e-02 -2.303552031517028809e-01 8.956048637628555298e-02 -9.070485830307006836e-01 3.408493399620056152e-01
3.909444093704223633e+00 -5.005376935005187988e-01 6.605743616819381714e-02 -2.266293168067932129e-01 8.962727338075637817e-02 -9.045323133468627930e-01 3.498961329460144043e-01
3.869406938552856445e+00 -4.150353968143463135e-01 6.059295684099197388e-02 -2.227450013160705566e-01 9.043148905038833618e-02 -9.030548930168151855e-01 3.559473454952239990e-01
3.827015876770019531e+00 -3.281750380992889404e-01 5.635986104607582092e-02 -2.186941504478454590e-01 9.197995066642761230e-02 -9.027708172798156738e-01 3.587718605995178223e-01
3.783119201660156250e+00 -2.398718148469924927e-01 5.328887701034545898e-02 -2.129399776458740234e-01 9.049712121486663818e-02 -9.041597247123718262e-01 3.591126203536987305e-01
3.736509084701538086e+00 -1.504071056842803955e-01 5.102172866463661194e-02 -2.064935415983200073e-01 8.852997422218322754e-02 -9.068845510482788086e-01 3.564871847629547119e-01
3.687684774398803711e+00 -5.952819809317588806e-02 4.885284230113029480e-02 -1.993677020072937012e-01 8.608181774616241455e-02 -9.108026623725891113e-01 3.511137962341308594e-01
3.636208295822143555e+00 3.258300572633743286e-02 4.668670520186424255e-02 -1.915710270404815674e-01 8.315361291170120239e-02 -9.157494902610778809e-01 3.432039618492126465e-01
3.581839799880981445e+00 1.258019953966140747e-01 4.392730444669723511e-02 -1.831100285053253174e-01 7.974609732627868652e-02 -9.215452075004577637e-01 3.329649567604064941e-01
3.525092601776123047e+00 2.204895019531250000e-01 4.085144028067588806e-02 -1.739904284477233887e-01 7.585954666137695312e-02 -9.280017018318176270e-01 3.206018805503845215e-01
3.464594125747680664e+00 3.157971203327178955e-01 3.600555285811424255e-02 -1.642188727855682373e-01 7.149471342563629150e-02 -9.349260926246643066e-01 3.063232004642486572e-01
3.401722431182861328e+00 4.126318395137786865e-01 3.046295046806335449e-02 -1.538041681051254272e-01 6.665323674678802490e-02 -9.421271681785583496e-01 2.903409600257873535e-01
3.335103034973144531e+00 5.100573897361755371e-01 2.260314859449863434e-02 -1.427590548992156982e-01 6.133939698338508606e-02 -9.494199156761169434e-01 2.728717327117919922e-01
3.265533924102783203e+00 6.085705161094665527e-01 1.301208510994911194e-02 -1.310999244451522827e-01 5.555870383977890015e-02 -9.566288590431213379e-01 2.541402280330657959e-01
3.192791700363159180e+00 7.080285549163818359e-01 1.328735379502177238e-03 -1.188478544354438782e-01 4.931908473372459412e-02 -9.635921120643615723e-01 2.343776226043701172e-01
3.116352081298828125e+00 8.077782988548278809e-01 -1.359863206744194031e-02 -1.060298010706901550e-01 4.263168200850486755e-02 -9.701647162437438965e-01 2.138235718011856079e-01
3.037434101104736328e+00 9.089733958244323730e-01 -3.003509528934955597e-02 -9.267662465572357178e-02 3.550894558429718018e-02 -9.762209653854370117e-01 1.927246004343032837e-01
2.954186916351318359e+00 1.009426236152648926e+00 -5.139984190464019775e-02 -7.882458716630935669e-02 2.796718850731849670e-02 -9.816564917564392090e-01 1.713331341743469238e-01
2.868835926055908203e+00 1.111502647399902344e+00 -7.408721745014190674e-02 -6.451440602540969849e-02 2.002378553152084351e-02 -9.863898754119873047e-01 1.499068289995193481e-01
2.780229330062866211e+00 1.213664531707763672e+00 -1.003854349255561829e-01 -4.979014396667480469e-02 1.169838756322860718e-02 -9.903628826141357422e-01 1.287068724632263184e-01
2.689500093460083008e+00 1.317171573638916016e+00 -1.284600794315338135e-01 -3.469996899366378784e-02 3.012155182659626007e-03 -9.935407638549804688e-01 1.079969480633735657e-01
2.596410512924194336e+00 1.421584486961364746e+00 -1.589526385068893433e-01 -1.929244026541709900e-02 -6.013474892824888229e-03 -9.959118366241455078e-01 8.804092556238174438e-02
2.508893489837646484e+00 1.518100500106811523e+00 -1.886401325464248657e-01 -3.619350958615541458e-03 -1.535605266690254211e-02 -9.974848031997680664e-01 6.910211592912673950e-02
2.427352428436279297e+00 1.607238769531250000e+00 -2.167541384696960449e-01 1.226932927966117859e-02 -2.499364502727985382e-02 -9.982879161834716797e-01 5.144111812114715576e-02
2.351851224899291992e+00 1.688880562782287598e+00 -2.434844970703125000e-01 2.831593528389930725e-02 -3.489536419510841370e-02 -9.983671903610229492e-01 3.526242077350616455e-02
2.282612800598144531e+00 1.763411879539489746e+00 -2.681951820850372314e-01 4.443468153476715088e-02 -4.499209299683570862e-02 -9.977868795394897461e-01 2.055601589381694794e-02
2.219717979431152344e+00 1.830908179283142090e+00 -2.907885611057281494e-01 6.053364276885986328e-02 -5.520547553896903992e-02 -9.966119527816772461e-01 7.255637086927890778e-03
2.163139581680297852e+00 1.891295075416564941e+00 -3.113574087619781494e-01 7.652225345373153687e-02 -6.545787304639816284e-02 -9.949058294296264648e-01 -4.706454463303089142e-03
2.112968206405639648e+00 1.944837570190429688e+00 -3.293670713901519775e-01 -9.231122583150863647e-02 7.567246258258819580e-02 9.927312135696411133e-01 1.540132239460945129e-02
2.069228172302246094e+00 1.991452574729919434e+00 -3.450628519058227539e-01 -1.078129857778549194e-01 8.577344566583633423e-02 9.901511669158935547e-01 2.490072324872016907e-02
2.031892538070678711e+00 2.031146287918090820e+00 -3.583331108093261719e-01 -1.229415163397789001e-01 9.568607062101364136e-02 9.872294664382934570e-01 3.327808529138565063e-02
2.000924110412597656e+00 2.063947677612304688e+00 -3.689977824687957764e-01 -1.376126110553741455e-01 1.053368449211120605e-01 9.840313792228698730e-01 4.060788080096244812e-02
1.976314067840576172e+00 2.089839935302734375e+00 -3.770611584186553955e-01 -1.517437100410461426e-01 1.146535500884056091e-01 9.806234836578369141e-01 4.696553573012351990e-02
1.958054423332214355e+00 2.108807325363159180e+00 -3.825286924839019775e-01 -1.652544289827346802e-01 1.235652416944503784e-01 9.770741462707519531e-01 5.242670327425003052e-02
1.946165680885314941e+00 2.120850801467895508e+00 -3.854247927665710449e-01 -1.780657619237899780e-01 1.320021897554397583e-01 9.734532833099365234e-01 5.706721544265747070e-02
1.940613389015197754e+00 2.125937461853027344e+00 -3.857360780239105225e-01 -1.901006847620010376e-01 1.398960649967193604e-01 9.698320627212524414e-01 6.096362322568893433e-02
1.930087208747863770e+00 2.136881113052368164e+00 -3.885009586811065674e-01 -2.012836188077926636e-01 1.471794992685317993e-01 9.662828445434570312e-01 6.419196724891662598e-02
1.914582490921020508e+00 2.153669357299804688e+00 -3.937267959117889404e-01 -2.115401476621627808e-01 1.537862569093704224e-01 9.628781676292419434e-01 6.682841479778289795e-02
1.894093871116638184e+00 2.176289081573486328e+00 -4.014208912849426270e-01 -2.207974791526794434e-01 1.596507877111434937e-01 9.596905708312988281e-01 6.894895434379577637e-02
1.868616938591003418e+00 2.204728841781616211e+00 -4.115887284278869629e-01 -2.289828360080718994e-01 1.647079735994338989e-01 9.567912817001342773e-01 7.062879204750061035e-02
1.838146567344665527e+00 2.238979339599609375e+00 -4.242419302463531494e-01 -2.360243201255798340e-01 1.688929945230484009e-01 9.542493224143981934e-01 7.194342464208602905e-02
1.803055644035339355e+00 2.279377460479736328e+00 -4.393408000469207764e-01 -2.418494969606399536e-01 1.721407324075698853e-01 9.521301984786987305e-01 7.296758890151977539e-02
1.763225674629211426e+00 2.325810432434082031e+00 -4.569122195243835449e-01 -2.463858574628829956e-01 1.743854433298110962e-01 9.504950046539306641e-01 7.377567887306213379e-02
1.718810677528381348e+00 2.378411769866943359e+00 -4.769299328327178955e-01 -2.495589405298233032e-01 1.755604594945907593e-01 9.493982791900634766e-01 7.444246858358383179e-02
1.671000003814697266e+00 2.438109159469604492e+00 -4.991345107555389404e-01 -2.495074272155761719e-01 1.756336390972137451e-01 9.493764042854309082e-01 7.472084462642669678e-02
1.620193481445312500e+00 2.505406379699707031e+00 -5.234704613685607910e-01 -2.494594454765319824e-01 1.746588349342346191e-01 9.495330452919006348e-01 7.517465949058532715e-02
1.567975997924804688e+00 2.581467151641845703e+00 -5.495586991310119629e-01 -2.494225800037384033e-01 1.726639270782470703e-01 9.498597979545593262e-01 7.577415555715560913e-02
1.517890334129333496e+00 2.668488740921020508e+00 -5.764446854591369629e-01 -2.488721609115600586e-01 1.697582751512527466e-01 9.504765272140502930e-01 7.641448080539703369e-02
1.474357843399047852e+00 2.768162727355957031e+00 -6.027551293373107910e-01 -2.457668185234069824e-01 1.660393774509429932e-01 9.519128799438476562e-01 7.675633579492568970e-02
1.440104007720947266e+00 2.880477190017700195e+00 -6.275140047073364258e-01 -2.416583001613616943e-01 1.615623086690902710e-01 9.537103772163391113e-01 7.704034447669982910e-02
1.414927601814270020e+00 3.004038095474243164e+00 -6.505297422409057617e-01 -2.366306185722351074e-01 1.564008593559265137e-01 9.558107852935791016e-01 7.726761698722839355e-02
1.396319508552551270e+00 3.137349843978881836e+00 -6.723992824554443359e-01 -2.307677567005157471e-01 1.506288051605224609e-01 9.581547379493713379e-01 7.743857800960540771e-02
1.381546616554260254e+00 3.279571533203125000e+00 -6.934326291084289551e-01 -2.241539508104324341e-01 1.443203538656234741e-01 9.606830477714538574e-01 7.755433022975921631e-02
1.368936419486999512e+00 3.430394172668457031e+00 -7.135467529296875000e-01 -2.168745696544647217e-01 1.375502794981002808e-01 9.633384346961975098e-01 7.761572301387786865e-02
1.357342839241027832e+00 3.589686155319213867e+00 -7.324517369270324707e-01 -2.090155184268951416e-01 1.303940415382385254e-01 9.660664200782775879e-01 7.762397825717926025e-02
1.345755338668823242e+00 3.757385253906250000e+00 -7.496392726898193359e-01 -2.006641328334808350e-01 1.229278594255447388e-01 9.688157439231872559e-01 7.758048921823501587e-02
1.333150267601013184e+00 3.932050704956054688e+00 -7.642126083374023438e-01 -1.919090747833251953e-01 1.152289062738418579e-01 9.715393781661987305e-01 7.748752832412719727e-02
1.317709684371948242e+00 4.113555908203125000e+00 -7.744463682174682617e-01 -1.828400343656539917e-01 1.073752418160438538e-01 9.741957783699035645e-01 7.734706997871398926e-02
1.296633005142211914e+00 4.301473140716552734e+00 -7.778582572937011719e-01 -1.735481321811676025e-01 9.944560378789901733e-02 9.767484664916992188e-01 7.716172933578491211e-02
1.268369436264038086e+00 4.495148658752441406e+00 -7.717126011848449707e-01 -1.641259193420410156e-01 9.151963889598846436e-02 9.791669845581054688e-01 7.693493366241455078e-02
1.236567020416259766e+00 4.694358825683593750e+00 -7.536352276802062988e-01 -1.546666175127029419e-01 8.367756009101867676e-02 9.814264774322509766e-01 7.667005807161331177e-02
1.207290053367614746e+00 4.900025367736816406e+00 -7.280377149581909180e-01 -1.452648341655731201e-01 7.600019872188568115e-02 9.835087060928344727e-01 7.637133449316024780e-02
1.186035990715026855e+00 5.113059043884277344e+00 -6.985406279563903809e-01 -1.360158175230026245e-01 6.856875121593475342e-02 9.854010343551635742e-01 7.604331523180007935e-02
1.172411441802978516e+00 5.333568096160888672e+00 -6.686736941337585449e-01 -1.270152628421783447e-01 6.146472319960594177e-02 9.870967864990234375e-01 7.569107413291931152e-02
1.166010379791259766e+00 5.561432838439941406e+00 -6.398010253906250000e-01 -1.183393299579620361e-01 5.475099012255668640e-02 9.885976314544677734e-01 7.531744986772537231e-02
1.164986848831176758e+00 5.796391487121582031e+00 -6.118841171264648438e-01 -1.099822521209716797e-01 4.841548576951026917e-02 9.899228215217590332e-01 7.491677999496459961e-02
1.167701721191406250e+00 6.038258075714111328e+00 -5.844799876213073730e-01 -1.019173935055732727e-01 4.242703318595886230e-02 9.910929799079895020e-01 7.448110729455947876e-02
1.173365712165832520e+00 6.286960124969482422e+00 -5.574200153350830078e-01 -9.411790221929550171e-02 3.675414249300956726e-02 9.921262860298156738e-01 7.400187849998474121e-02
1.181579828262329102e+00 6.542467117309570312e+00 -5.306841731071472168e-01 -8.655624091625213623e-02 3.136508166790008545e-02 9.930389523506164551e-01 7.347059994935989380e-02
1.192163348197937012e+00 6.804764270782470703e+00 -5.043835043907165527e-01 -7.920472323894500732e-02 2.622793987393379211e-02 9.938448071479797363e-01 7.287873327732086182e-02
1.205104351043701172e+00 7.073853492736816406e+00 -4.787982106208801270e-01 -7.203518599271774292e-02 2.131059393286705017e-02 9.945558309555053711e-01 7.221722602844238281e-02
1.220595955848693848e+00 7.349755764007568359e+00 -4.545330703258514404e-01 -6.501933187246322632e-02 1.658084802329540253e-02 9.951826333999633789e-01 7.147754728794097900e-02
1.240011572837829590e+00 7.632471561431884766e+00 -4.333343505859375000e-01 -5.812844634056091309e-02 1.200636755675077438e-02 9.957336187362670898e-01 7.065054774284362793e-02
1.282583951950073242e+00 7.919623851776123047e+00 -4.194299280643463135e-01 -5.133403837680816650e-02 7.554762065410614014e-03 9.962157607078552246e-01 6.972680240869522095e-02
1.390377163887023926e+00 8.196138381958007812e+00 -4.141265749931335449e-01 -4.460721090435981750e-02 3.193607321009039879e-03 9.966346621513366699e-01 6.869755685329437256e-02
1.548026442527770996e+00 8.445147514343261719e+00 -4.097845256328582764e-01 -3.791883215308189392e-02 -1.109641743823885918e-03 9.969941377639770508e-01 6.755299121141433716e-02
1.719042301177978516e+00 8.681737899780273438e+00 -4.029260277748107910e-01 -3.124000690877437592e-02 -5.387321114540100098e-03 9.972970485687255859e-01 6.628417223691940308e-02
1.894704222679138184e+00 8.911293983459472656e+00 -3.996325731277465820e-01 -2.454139851033687592e-02 -9.671962819993495941e-03 9.975444078445434570e-01 6.488132476806640625e-02
2.071894168853759766e+00 9.135942459106445312e+00 -4.029119908809661865e-01 -1.779405027627944946e-02 -1.399633474647998810e-02 9.977355599403381348e-01 6.333511322736740112e-02
2.249548673629760742e+00 9.356270790100097656e+00 -4.133819341659545898e-01 -1.096861436963081360e-02 -1.839247718453407288e-02 9.978689551353454590e-01 6.163575127720832825e-02
2.427350997924804688e+00 9.572019577026367188e+00 -4.336462318897247314e-01 -4.035886377096176147e-03 -2.289281785488128662e-02 9.979412555694580078e-01 5.977370217442512512e-02
2.604290723800659180e+00 9.783736228942871094e+00 -4.616876244544982910e-01 3.033197019249200821e-03 -2.752974070608615875e-02 9.979473352432250977e-01 5.773948132991790771e-02
2.786049842834472656e+00 9.998827934265136719e+00 -4.975274503231048584e-01 1.026776246726512909e-02 -3.233570978045463562e-02 9.978807568550109863e-01 5.552311241626739502e-02
2.972541332244873047e+00 1.021695137023925781e+01 -5.425762534141540527e-01 1.769723929464817047e-02 -3.734221681952476501e-02 9.977328777313232422e-01 5.311502888798713684e-02
3.163401842117309570e+00 1.043710708618164062e+01 -6.003045439720153809e-01 2.534220740199089050e-02 -4.257316887378692627e-02 9.974939227104187012e-01 5.050914362072944641e-02
3.353066444396972656e+00 1.065434265136718750e+01 -6.640093922615051270e-01 3.319311514496803284e-02 -4.801815003156661987e-02 9.971537590026855469e-01 4.771640151739120483e-02
3.541343927383422852e+00 1.086775875091552734e+01 -7.368358969688415527e-01 4.123186692595481873e-02 -5.365855619311332703e-02 9.967035651206970215e-01 4.475102573633193970e-02
3.728121042251586914e+00 1.107788276672363281e+01 -8.159765601158142090e-01 4.944042861461639404e-02 -5.947587639093399048e-02 9.961351156234741211e-01 4.162795841693878174e-02
3.913576364517211914e+00 1.128563690185546875e+01 -8.984215855598449707e-01 5.780067667365074158e-02 -6.545092165470123291e-02 9.954414367675781250e-01 3.836196288466453552e-02
4.097379207611083984e+00 1.148996829986572266e+01 -9.870190024375915527e-01 6.629440933465957642e-02 -7.156506180763244629e-02 9.946158528327941895e-01 3.496793657541275024e-02
4.279978752136230469e+00 1.169268321990966797e+01 -1.076361656188964844e+00 7.490320503711700439e-02 -7.779949158430099487e-02 9.936533570289611816e-01 3.146082162857055664e-02
4.460920333862304688e+00 1.189226531982421875e+01 -1.170637130737304688e+00 8.360879123210906982e-02 -8.413546532392501831e-02 9.925495982170104980e-01 2.785579673945903778e-02
4.640715122222900391e+00 1.209051990509033203e+01 -1.264789342880249023e+00 9.239280223846435547e-02 -9.055377542972564697e-02 9.913018941879272461e-01 2.416809089481830597e-02
4.818948745727539062e+00 1.228612995147705078e+01 -1.362300992012023926e+00 1.012374237179756165e-01 -9.703573584556579590e-02 9.899081587791442871e-01 2.041307836771011353e-02
4.996030330657958984e+00 1.248043918609619141e+01 -1.459608078002929688e+00 1.101236641407012939e-01 -1.035627722740173340e-01 9.883682131767272949e-01 1.660580188035964966e-02
5.171694755554199219e+00 1.267264175415039062e+01 -1.558743238449096680e+00 -1.190337613224983215e-01 1.101160123944282532e-01 -9.866824746131896973e-01 -1.276156306266784668e-02
5.346172332763671875e+00 1.286346435546875000e+01 -1.657850265502929688e+00 -1.279493868350982666e-01 1.166767776012420654e-01 -9.848534464836120605e-01 -8.895970880985260010e-03
5.519375324249267578e+00 1.305266094207763672e+01 -1.757522583007812500e+00 -1.368527859449386597e-01 1.232271119952201843e-01 -9.828841090202331543e-01 -5.024570040404796600e-03
5.691364765167236328e+00 1.324041461944580078e+01 -1.857280850410461426e+00 -1.457260847091674805e-01 1.297483295202255249e-01 -9.807792305946350098e-01 -1.162530854344367981e-03
5.862185955047607422e+00 1.342687225341796875e+01 -1.956749200820922852e+00 -1.545514762401580811e-01 1.362223029136657715e-01 -9.785448908805847168e-01 2.674831077456474304e-03
6.031805992126464844e+00 1.361194324493408203e+01 -2.056144952774047852e+00 -1.633115857839584351e-01 1.426314711570739746e-01 -9.761883020401000977e-01 6.471918895840644836e-03
6.187709331512451172e+00 1.378211593627929688e+01 -2.147623777389526367e+00 -1.719894409179687500e-01 1.489578485488891602e-01 -9.737180471420288086e-01 1.021340861916542053e-02
